1 1 0
2 2 1
3 3 7
4 6 8
5 7 16
6 9 19
7 18 20
8 25 23
9 27 111
10 54 112
11 73 115
12 97 118
13 129 121
14 171 124
15 231 127
16 313 130
17 327 143
18 649 144
19 703 170
20 871 178
21 1161 181
22 2223 182
23 2463 208
24 2919 216
25 3711 237
26 6171 261
27 10971 267
28 13255 275
29 17647 278
30 23529 281
31 26623 307
32 34239 310
33 35655 323
34 52527 339
35 77031 350
36 106239 353
37 142587 374
38 156159 382
39 216367 385
40 230631 442
41 410011 448
42 511935 469
43 626331 508
44 837799 524
45 1117065 527
46 1501353 530
47 1723519 556
48 2298025 559
49 3064033 562
50 3542887 583
51 3732423 596
52 5649499 612
53 6649279 664
54 8400511 685
55 11200681 688
56 14934241 691
57 15733191 704
58 31466382 705
59 36791535 744
60 63728127 949
61 127456254 950
62 169941673 953
63 226588897 956
64 268549803 964
65 537099606 965
66 670617279 986
67 1341234558 987
68 1412987847 1000
69 1674652263 1008
70 2610744987 1050
71 4578853915 1087
72 4890328815 1131
73 9780657630 1132
74 12212032815 1153
75 12235060455 1184
76 13371194527 1210
77 17828259369 1213
78 31694683323 1219
79 63389366646 1220
80 75128138247 1228
81 133561134663 1234
82 158294678119 1242
