0 0
1 5
2 4
3 6
4 4
5 6
6 6
7 4
8 6
9 4
10 5
11 4
12 3
13 3
14 7
15 7
16 7
17 3
18 3
19 4
20 4
21 3
22 6
23 5
24 2
25 7
26 1
27 5
28 6
29 3
30 6
31 3
32 5
33 6
34 3
35 5
36 3
37 6
38 5
39 3
40 4
41 7
42 2
43 3
44 4
45 5
46 4
47 3
48 2
49 7
50 6
51 7
52 7
53 5
54 5
55 5
56 5
57 5
58 7
59 7
60 6
61 7
62 1
63 3
64 4
65 5
66 4
67 3
68 2
69 7
70 4
71 3
72 5
73 6
74 3
75 5
76 3
77 6
78 5
79 3
80 6
81 3
82 6
83 5
84 2
85 7
86 2
87 5
88 6
89 3
90 4
91 4
92 3
93 3
94 7
95 7
96 7
97 3
98 3
99 4
100 5
101 4
102 3
103 3
104 7
105 7
106 7
107 3
108 3
109 4
110 4
111 5
112 4
113 6
114 4
115 6
116 6
117 4
118 6
119 4
120 3
121 4
122 3
123 3
124 7
125 7
126 7
127 3
128 3
129 4
130 3
131 6
132 3
133 5
134 2
135 7
136 1
137 5
138 6
139 3
140 7
141 4
142 7
143 2
144 3
145 5
146 3
147 6
148 5
149 3
150 7
151 6
152 7
153 7
154 5
155 5
156 4
157 3
158 2
159 7
160 7
161 6
162 7
163 1
164 3
165 4
166 5
167 5
168 7
169 7
170 3
171 4
172 3
173 5
174 6
175 3
176 5
177 3
178 2
179 7
180 3
181 6
182 3
183 6
184 5
185 2
186 7
187 2
188 5
189 3
190 4
191 4
192 4
193 3
194 3
195 7
196 7
197 7
198 3
199 3
200 4
201 3
202 6
203 5
204 2
205 7
206 1
207 5
208 6
209 3
210 3
211 4
212 3
213 3
214 7
215 7
216 7
217 3
218 3
219 4
220 6
221 3
222 4
223 6
224 4
225 6
226 6
227 4
228 6
229 4
230 5
231 3
232 6
233 3
234 7
235 7
236 7
237 3
238 3
239 4
240 2
241 7
242 4
243 7
244 2
245 7
246 1
247 5
248 6
249 3
250 7
251 7
252 6
253 7
254 7
255 5
256 3
257 6
258 5
259 3
260 1
261 7
262 6
263 7
264 1
265 3
266 4
267 3
268 2
269 7
270 5
271 3
272 4
273 3
274 5
275 6
276 3
277 5
278 7
279 7
280 6
281 3
282 6
283 3
284 6
285 5
286 2
287 7
288 2
289 7
290 3
291 4
292 4
293 4
294 3
295 3
296 7
297 7
298 7
299 3
300 6
301 3
302 5
303 6
304 3
305 5
306 3
307 6
308 5
309 3
310 3
311 6
312 3
313 5
314 2
315 7
316 1
317 5
318 6
319 3
320 5
321 3
322 6
323 3
324 7
325 7
326 7
327 3
328 3
329 4
330 6
331 5
332 3
333 6
334 4
335 6
336 6
337 4
338 6
339 4
340 3
341 2
342 7
343 4
344 7
345 7
346 7
347 3
348 3
349 4
350 5
351 7
352 7
353 6
354 7
355 7
356 1
357 5
358 6
359 3
360 3
361 1
362 7
363 6
364 7
365 1
366 3
367 6
368 5
369 3
370 6
371 5
372 3
373 4
374 3
375 5
376 6
377 3
378 2
379 7
380 5
381 6
382 3
383 6
384 3
385 6
386 5
387 2
388 7
389 7
390 3
391 3
392 4
393 4
394 4
395 3
396 3
397 7
398 7
399 7
400 4
401 7
402 2
403 3
404 4
405 5
406 4
407 3
408 2
409 7
410 7
411 4
412 7
413 2
414 3
415 5
416 3
417 6
418 5
419 3
420 2
421 7
422 4
423 7
424 2
425 7
426 1
427 5
428 6
429 3
430 3
431 2
432 7
433 4
434 7
435 7
436 7
437 3
438 3
439 4
440 4
441 3
442 2
443 7
444 4
445 6
446 6
447 4
448 6
449 4
450 5
451 5
452 7
453 7
454 6
455 7
456 7
457 3
458 3
459 4
460 4
461 3
462 1
463 7
464 6
465 7
466 1
467 5
468 6
469 3
470 3
471 6
472 5
473 3
474 4
475 3
476 5
477 6
478 5
479 3
480 2
481 5
482 6
483 3
484 6
485 3
486 6
487 5
488 2
489 7
490 7
491 3
492 3
493 4
494 4
495 4
496 3
497 3
498 7
499 7
500 6
501 7
502 7
503 5
504 5
505 5
506 5
507 5
508 7
509 7
510 7
511 6
512 7
513 7
514 5
515 5
516 4
517 3
518 2
519 7
520 7
521 7
522 6
523 7
524 7
525 5
526 3
527 6
528 5
529 3
530 5
531 7
532 7
533 6
534 7
535 7
536 1
537 5
538 6
539 3
540 5
541 5
542 7
543 7
544 6
545 7
546 7
547 3
548 3
549 4
550 5
551 5
552 5
553 7
554 7
555 6
556 6
557 4
558 6
559 4
560 5
561 4
562 3
563 1
564 7
565 6
566 7
567 3
568 3
569 4
570 5
571 3
572 6
573 5
574 3
575 4
576 3
577 5
578 6
579 3
580 7
581 2
582 5
583 6
584 3
585 6
586 3
587 6
588 5
589 3
590 7
591 7
592 3
593 3
594 4
595 4
596 4
597 3
598 3
599 7
600 6
601 7
602 1
603 3
604 4
605 5
606 4
607 3
608 2
609 7
610 7
611 6
612 7
613 1
614 3
615 4
616 5
617 5
618 7
619 7
620 1
621 7
622 6
623 7
624 1
625 3
626 4
627 3
628 2
629 7
630 3
631 1
632 7
633 6
634 7
635 1
636 3
637 6
638 5
639 3
640 4
641 3
642 1
643 7
644 6
645 7
646 1
647 5
648 6
649 3
650 5
651 4
652 3
653 1
654 7
655 6
656 7
657 3
658 3
659 4
660 4
661 5
662 4
663 3
664 1
665 7
666 6
667 4
668 6
669 4
670 3
671 5
672 3
673 6
674 5
675 3
676 4
677 3
678 3
679 4
680 2
681 7
682 2
683 5
684 6
685 3
686 6
687 3
688 6
689 3
690 7
691 7
692 7
693 3
694 3
695 4
696 4
697 4
698 3
699 3
700 4
701 3
702 5
703 6
704 3
705 5
706 3
707 6
708 5
709 3
710 3
711 4
712 3
713 5
714 6
715 3
716 5
717 3
718 2
719 7
720 5
721 3
722 4
723 3
724 5
725 6
726 3
727 5
728 7
729 7
730 6
731 5
732 3
733 4
734 3
735 5
736 6
737 3
738 2
739 7
740 3
741 6
742 5
743 3
744 4
745 3
746 5
747 6
748 5
749 3
750 5
751 3
752 6
753 5
754 3
755 4
756 3
757 5
758 6
759 3
760 3
761 5
762 3
763 6
764 5
765 3
766 4
767 3
768 3
769 4
770 6
771 3
772 5
773 3
774 6
775 5
776 3
777 4
778 6
779 4
780 5
781 2
782 7
783 2
784 5
785 6
786 3
787 6
788 3
789 4
790 3
791 7
792 7
793 7
794 3
795 3
796 4
797 4
798 4
799 3
800 6
801 3
802 6
803 5
804 2
805 7
806 2
807 5
808 6
809 3
810 3
811 6
812 3
813 6
814 5
815 2
816 7
817 2
818 5
819 3
820 6
821 3
822 6
823 3
824 6
825 5
826 2
827 7
828 2
829 7
830 5
831 6
832 3
833 6
834 3
835 6
836 5
837 2
838 7
839 7
840 2
841 5
842 6
843 3
844 6
845 3
846 6
847 5
848 2
849 7
850 7
851 2
852 5
853 6
854 3
855 6
856 3
857 6
858 5
859 3
860 2
861 7
862 2
863 5
864 6
865 3
866 6
867 3
868 6
869 3
870 5
871 2
872 7
873 2
874 5
875 6
876 3
877 6
878 3
879 4
880 6
881 5
882 2
883 7
884 2
885 5
886 6
887 3
888 6
889 4
890 3
891 3
892 7
893 7
894 7
895 3
896 3
897 4
898 4
899 4
900 4
901 4
902 3
903 3
904 7
905 7
906 7
907 3
908 3
909 4
910 4
911 4
912 4
913 3
914 3
915 7
916 7
917 7
918 3
919 3
920 3
921 4
922 4
923 4
924 3
925 3
926 7
927 7
928 7
929 3
930 3
931 3
932 4
933 4
934 4
935 3
936 3
937 7
938 7
939 7
940 7
941 3
942 3
943 4
944 4
945 4
946 3
947 3
948 7
949 7
950 7
951 7
952 3
953 3
954 4
955 4
956 4
957 3
958 3
959 7
960 7
961 7
962 7
963 3
964 3
965 4
966 4
967 4
968 3
969 3
970 3
971 7
972 7
973 7
974 3
975 3
976 4
977 4
978 4
979 3
980 3
981 3
982 7
983 7
984 7
985 3
986 3
987 4
988 4
989 4
990 4
991 3
992 3
993 7
994 7
995 7
996 3
997 3
998 4
999 4
1000 5
1001 4
1002 3
1003 3
1004 7
1005 7
1006 7
1007 3
1008 3
1009 4
1010 4
1011 5
1012 4
1013 6
1014 4
1015 6
1016 6
1017 4
1018 6
1019 4
1020 3
1021 4
1022 3
1023 3
1024 7
1025 7
1026 7
1027 3
1028 3
1029 4
1030 3
1031 6
1032 3
1033 5
1034 2
1035 7
1036 1
1037 5
1038 6
1039 3
1040 7
1041 4
1042 7
1043 2
1044 3
1045 5
1046 3
1047 6
1048 5
1049 3
1050 7
1051 6
1052 7
1053 7
1054 5
1055 5
1056 4
1057 3
1058 2
1059 7
1060 7
1061 6
1062 7
1063 1
1064 3
1065 4
1066 5
1067 5
1068 7
1069 7
1070 3
1071 4
1072 3
1073 5
1074 6
1075 3
1076 5
1077 3
1078 2
1079 7
1080 3
1081 6
1082 3
1083 6
1084 5
1085 2
1086 7
1087 2
1088 5
1089 3
1090 4
1091 4
1092 4
1093 3
1094 3
1095 7
1096 7
1097 7
1098 3
1099 3
1100 4
1101 5
1102 4
1103 6
1104 4
1105 6
1106 6
1107 4
1108 6
1109 4
1110 5
1111 1
1112 5
1113 4
1114 6
1115 4
1116 6
1117 6
1118 4
1119 6
1120 4
1121 5
1122 4
1123 3
1124 3
1125 7
1126 7
1127 7
1128 3
1129 3
1130 6
1131 4
1132 3
1133 6
1134 5
1135 2
1136 7
1137 1
1138 5
1139 6
1140 4
1141 6
1142 3
1143 5
1144 6
1145 3
1146 5
1147 3
1148 6
1149 5
1150 6
1151 4
1152 7
1153 2
1154 3
1155 4
1156 5
1157 4
1158 3
1159 2
1160 6
1161 6
1162 7
1163 7
1164 5
1165 5
1166 5
1167 5
1168 5
1169 7
1170 4
1171 6
1172 7
1173 1
1174 3
1175 4
1176 5
1177 4
1178 3
1179 2
1180 6
1181 4
1182 3
1183 5
1184 6
1185 3
1186 5
1187 3
1188 6
1189 5
1190 4
1191 6
1192 3
1193 6
1194 5
1195 2
1196 7
1197 2
1198 5
1199 6
1200 3
1201 4
1202 3
1203 3
1204 7
1205 7
1206 7
1207 3
1208 3
1209 4
1210 4
1211 5
1212 4
1213 3
1214 3
1215 7
1216 7
1217 7
1218 3
1219 3
1220 3
1221 4
1222 5
1223 4
1224 6
1225 4
1226 6
1227 6
1228 4
1229 6
1230 3
1231 3
1232 4
1233 3
1234 3
1235 7
1236 7
1237 7
1238 3
1239 3
1240 7
1241 3
1242 6
1243 3
1244 5
1245 2
1246 7
1247 1
1248 5
1249 6
1250 7
1251 7
1252 4
1253 7
1254 2
1255 3
1256 5
1257 3
1258 6
1259 5
1260 7
1261 7
1262 6
1263 7
1264 7
1265 5
1266 5
1267 4
1268 3
1269 2
1270 3
1271 7
1272 6
1273 7
1274 1
1275 3
1276 4
1277 5
1278 5
1279 7
1280 3
1281 3
1282 4
1283 3
1284 5
1285 6
1286 3
1287 5
1288 3
1289 2
1290 4
1291 3
1292 6
1293 3
1294 6
1295 5
1296 2
1297 7
1298 2
1299 5
1300 3
1301 6
1302 3
1303 5
1304 2
1305 7
1306 1
1307 5
1308 6
1309 3
1310 6
1311 4
1312 3
1313 6
1314 5
1315 2
1316 7
1317 1
1318 5
1319 6
1320 3
1321 3
1322 4
1323 3
1324 3
1325 7
1326 7
1327 7
1328 3
1329 3
1330 5
1331 6
1332 3
1333 4
1334 6
1335 4
1336 6
1337 6
1338 4
1339 6
1340 2
1341 5
1342 3
1343 6
1344 3
1345 7
1346 7
1347 7
1348 3
1349 3
1350 7
1351 2
1352 7
1353 4
1354 7
1355 2
1356 7
1357 1
1358 5
1359 6
1360 1
1361 7
1362 7
1363 6
1364 7
1365 7
1366 5
1367 3
1368 6
1369 5
1370 5
1371 1
1372 7
1373 6
1374 7
1375 1
1376 3
1377 4
1378 3
1379 2
1380 6
1381 5
1382 3
1383 4
1384 3
1385 5
1386 6
1387 3
1388 5
1389 7
1390 3
1391 6
1392 3
1393 6
1394 3
1395 6
1396 5
1397 2
1398 7
1399 2
1400 7
1401 4
1402 7
1403 2
1404 3
1405 5
1406 3
1407 6
1408 5
1409 3
1410 4
1411 6
1412 3
1413 5
1414 6
1415 3
1416 5
1417 3
1418 6
1419 5
1420 7
1421 3
1422 6
1423 3
1424 5
1425 2
1426 7
1427 1
1428 5
1429 6
1430 2
1431 5
1432 3
1433 6
1434 3
1435 7
1436 7
1437 7
1438 3
1439 3
1440 3
1441 6
1442 5
1443 3
1444 6
1445 4
1446 6
1447 6
1448 4
1449 6
1450 5
1451 3
1452 2
1453 7
1454 4
1455 7
1456 7
1457 7
1458 3
1459 3
1460 3
1461 5
1462 7
1463 7
1464 6
1465 7
1466 7
1467 1
1468 5
1469 6
1470 6
1471 3
1472 1
1473 7
1474 6
1475 7
1476 1
1477 3
1478 6
1479 5
1480 5
1481 6
1482 5
1483 3
1484 4
1485 3
1486 5
1487 6
1488 3
1489 2
1490 3
1491 5
1492 6
1493 3
1494 6
1495 3
1496 6
1497 5
1498 2
1499 7
1500 7
1501 6
1502 7
1503 7
1504 5
1505 5
1506 4
1507 3
1508 2
1509 7
1510 6
1511 4
1512 7
1513 2
1514 3
1515 4
1516 5
1517 4
1518 3
1519 2
1520 7
1521 7
1522 4
1523 7
1524 2
1525 3
1526 5
1527 3
1528 6
1529 5
1530 7
1531 2
1532 7
1533 4
1534 7
1535 2
1536 7
1537 1
1538 5
1539 6
1540 5
1541 3
1542 2
1543 7
1544 4
1545 7
1546 7
1547 7
1548 3
1549 3
1550 5
1551 4
1552 3
1553 2
1554 7
1555 4
1556 6
1557 6
1558 4
1559 6
1560 4
1561 5
1562 5
1563 7
1564 7
1565 6
1566 7
1567 7
1568 3
1569 3
1570 3
1571 4
1572 3
1573 1
1574 7
1575 6
1576 7
1577 1
1578 5
1579 6
1580 2
1581 3
1582 6
1583 5
1584 3
1585 4
1586 3
1587 5
1588 6
1589 5
1590 7
1591 2
1592 5
1593 6
1594 3
1595 6
1596 3
1597 6
1598 5
1599 2
1600 7
1601 6
1602 7
1603 1
1604 3
1605 4
1606 5
1607 5
1608 7
1609 7
1610 6
1611 6
1612 7
1613 7
1614 5
1615 5
1616 5
1617 5
1618 5
1619 7
1620 7
1621 7
1622 6
1623 7
1624 7
1625 5
1626 5
1627 4
1628 3
1629 2
1630 1
1631 7
1632 7
1633 6
1634 7
1635 7
1636 5
1637 3
1638 6
1639 5
1640 3
1641 5
1642 7
1643 7
1644 6
1645 7
1646 7
1647 1
1648 5
1649 6
1650 4
1651 5
1652 5
1653 7
1654 7
1655 6
1656 7
1657 7
1658 3
1659 3
1660 5
1661 5
1662 5
1663 5
1664 7
1665 7
1666 6
1667 6
1668 4
1669 6
1670 5
1671 5
1672 4
1673 3
1674 1
1675 7
1676 6
1677 7
1678 3
1679 3
1680 7
1681 5
1682 3
1683 6
1684 5
1685 3
1686 4
1687 3
1688 5
1689 6
1690 7
1691 7
1692 2
1693 5
1694 6
1695 3
1696 6
1697 3
1698 6
1699 5
1700 3
1701 4
1702 3
1703 5
1704 6
1705 3
1706 5
1707 3
1708 2
1709 7
1710 4
1711 6
1712 7
1713 1
1714 3
1715 4
1716 5
1717 4
1718 3
1719 2
1720 3
1721 7
1722 6
1723 7
1724 1
1725 3
1726 4
1727 5
1728 5
1729 7
1730 5
1731 1
1732 7
1733 6
1734 7
1735 1
1736 3
1737 4
1738 3
1739 2
1740 6
1741 3
1742 1
1743 7
1744 6
1745 7
1746 1
1747 3
1748 6
1749 5
1750 3
1751 4
1752 3
1753 1
1754 7
1755 6
1756 7
1757 1
1758 5
1759 6
1760 5
1761 5
1762 4
1763 3
1764 1
1765 7
1766 6
1767 7
1768 3
1769 3
1770 3
1771 4
1772 5
1773 4
1774 3
1775 1
1776 7
1777 6
1778 4
1779 6
1780 2
1781 3
1782 5
1783 3
1784 6
1785 5
1786 3
1787 4
1788 3
1789 3
1790 7
1791 2
1792 7
1793 2
1794 5
1795 6
1796 3
1797 6
1798 3
1799 6
1800 3
1801 6
1802 3
1803 6
1804 5
1805 2
1806 7
1807 2
1808 5
1809 3
1810 6
1811 4
1812 3
1813 5
1814 6
1815 3
1816 5
1817 3
1818 6
1819 5
1820 3
1821 3
1822 4
1823 3
1824 5
1825 6
1826 3
1827 5
1828 3
1829 2
1830 6
1831 5
1832 3
1833 4
1834 3
1835 5
1836 6
1837 3
1838 5
1839 7
1840 5
1841 6
1842 5
1843 3
1844 4
1845 3
1846 5
1847 6
1848 3
1849 2
1850 2
1851 3
1852 6
1853 5
1854 3
1855 4
1856 3
1857 5
1858 6
1859 5
1860 7
1861 5
1862 3
1863 6
1864 5
1865 3
1866 4
1867 3
1868 5
1869 6
1870 2
1871 3
1872 5
1873 3
1874 6
1875 5
1876 3
1877 4
1878 3
1879 3
1880 5
1881 6
1882 3
1883 5
1884 3
1885 6
1886 5
1887 3
1888 4
1889 6
1890 3
1891 5
1892 2
1893 7
1894 2
1895 5
1896 6
1897 3
1898 6
1899 3
1900 4
1901 4
1902 4
1903 3
1904 3
1905 7
1906 7
1907 7
1908 3
1909 3
1910 4
1911 6
1912 3
1913 6
1914 5
1915 2
1916 7
1917 2
1918 5
1919 6
1920 4
1921 3
1922 6
1923 3
1924 6
1925 5
1926 2
1927 7
1928 2
1929 5
1930 3
1931 6
1932 3
1933 6
1934 3
1935 6
1936 5
1937 2
1938 7
1939 2
1940 3
1941 5
1942 6
1943 3
1944 6
1945 3
1946 6
1947 5
1948 2
1949 7
1950 7
1951 2
1952 5
1953 6
1954 3
1955 6
1956 3
1957 6
1958 5
1959 2
1960 7
1961 7
1962 2
1963 5
1964 6
1965 3
1966 6
1967 3
1968 6
1969 5
1970 7
1971 2
1972 7
1973 2
1974 5
1975 6
1976 3
1977 6
1978 3
1979 6
1980 3
1981 5
1982 2
1983 7
1984 2
1985 5
1986 6
1987 3
1988 6
1989 3
1990 3
1991 6
1992 5
1993 2
1994 7
1995 2
1996 5
1997 6
1998 3
1999 6
2000 4
2001 3
2002 6
2003 5
2004 2
2005 7
2006 1
2007 5
2008 6
2009 3
2010 3
2011 4
2012 3
2013 3
2014 7
2015 7
2016 7
2017 3
2018 3
2019 4
2020 6
2021 3
2022 4
2023 6
2024 4
2025 6
2026 6
2027 4
2028 6
2029 4
2030 5
2031 3
2032 6
2033 3
2034 7
2035 7
2036 7
2037 3
2038 3
2039 4
2040 2
2041 7
2042 4
2043 7
2044 2
2045 7
2046 1
2047 5
2048 6
2049 3
2050 7
2051 7
2052 6
2053 7
2054 7
2055 5
2056 3
2057 6
2058 5
2059 3
2060 1
2061 7
2062 6
2063 7
2064 1
2065 3
2066 4
2067 3
2068 2
2069 7
2070 5
2071 3
2072 4
2073 3
2074 5
2075 6
2076 3
2077 5
2078 7
2079 7
2080 6
2081 3
2082 6
2083 3
2084 6
2085 5
2086 2
2087 7
2088 2
2089 7
2090 3
2091 4
2092 4
2093 4
2094 3
2095 3
2096 7
2097 7
2098 7
2099 3
2100 3
2101 4
2102 3
2103 3
2104 7
2105 7
2106 7
2107 3
2108 3
2109 4
2110 4
2111 5
2112 4
2113 3
2114 3
2115 7
2116 7
2117 7
2118 3
2119 3
2120 3
2121 4
2122 5
2123 4
2124 6
2125 4
2126 6
2127 6
2128 4
2129 6
2130 3
2131 3
2132 4
2133 3
2134 3
2135 7
2136 7
2137 7
2138 3
2139 3
2140 7
2141 3
2142 6
2143 3
2144 5
2145 2
2146 7
2147 1
2148 5
2149 6
2150 7
2151 7
2152 4
2153 7
2154 2
2155 3
2156 5
2157 3
2158 6
2159 5
2160 7
2161 7
2162 6
2163 7
2164 7
2165 5
2166 5
2167 4
2168 3
2169 2
2170 3
2171 7
2172 6
2173 7
2174 1
2175 3
2176 4
2177 5
2178 5
2179 7
2180 3
2181 3
2182 4
2183 3
2184 5
2185 6
2186 3
2187 5
2188 3
2189 2
2190 4
2191 3
2192 6
2193 3
2194 6
2195 5
2196 2
2197 7
2198 2
2199 5
2200 6
2201 3
2202 4
2203 6
2204 4
2205 6
2206 6
2207 4
2208 6
2209 4
2210 3
2211 4
2212 5
2213 4
2214 6
2215 4
2216 6
2217 6
2218 4
2219 6
2220 4
2221 5
2222 1
2223 5
2224 4
2225 6
2226 4
2227 6
2228 6
2229 4
2230 6
2231 4
2232 5
2233 4
2234 3
2235 3
2236 7
2237 7
2238 7
2239 3
2240 4
2241 6
2242 4
2243 3
2244 6
2245 5
2246 2
2247 7
2248 1
2249 5
2250 6
2251 4
2252 6
2253 3
2254 5
2255 6
2256 3
2257 5
2258 3
2259 6
2260 6
2261 6
2262 4
2263 7
2264 2
2265 3
2266 4
2267 5
2268 4
2269 3
2270 4
2271 6
2272 6
2273 7
2274 7
2275 5
2276 5
2277 5
2278 5
2279 5
2280 6
2281 4
2282 6
2283 7
2284 1
2285 3
2286 4
2287 5
2288 4
2289 3
2290 4
2291 6
2292 4
2293 3
2294 5
2295 6
2296 3
2297 5
2298 3
2299 6
2300 5
2301 3
2302 6
2303 3
2304 7
2305 7
2306 7
2307 3
2308 3
2309 4
2310 3
2311 3
2312 4
2313 3
2314 3
2315 7
2316 7
2317 7
2318 3
2319 3
2320 6
2321 4
2322 5
2323 4
2324 3
2325 3
2326 7
2327 7
2328 7
2329 3
2330 3
2331 3
2332 4
2333 5
2334 4
2335 6
2336 4
2337 6
2338 6
2339 4
2340 7
2341 3
2342 3
2343 4
2344 3
2345 3
2346 7
2347 7
2348 7
2349 3
2350 7
2351 7
2352 3
2353 6
2354 3
2355 5
2356 2
2357 7
2358 1
2359 5
2360 7
2361 7
2362 7
2363 4
2364 7
2365 2
2366 3
2367 5
2368 3
2369 6
2370 3
2371 7
2372 7
2373 6
2374 7
2375 7
2376 5
2377 5
2378 4
2379 3
2380 3
2381 3
2382 7
2383 6
2384 7
2385 1
2386 3
2387 4
2388 5
2389 5
2390 4
2391 3
2392 3
2393 4
2394 3
2395 5
2396 6
2397 3
2398 5
2399 3
2400 2
2401 7
2402 4
2403 7
2404 2
2405 7
2406 1
2407 5
2408 6
2409 3
2410 7
2411 3
2412 6
2413 3
2414 5
2415 2
2416 7
2417 1
2418 5
2419 6
2420 4
2421 6
2422 4
2423 3
2424 6
2425 5
2426 2
2427 7
2428 1
2429 5
2430 7
2431 3
2432 3
2433 4
2434 3
2435 3
2436 7
2437 7
2438 7
2439 3
2440 2
2441 5
2442 6
2443 3
2444 4
2445 6
2446 4
2447 6
2448 6
2449 4
2450 7
2451 2
2452 5
2453 3
2454 6
2455 3
2456 7
2457 7
2458 7
2459 3
2460 1
2461 7
2462 2
2463 7
2464 4
2465 7
2466 2
2467 7
2468 1
2469 5
2470 5
2471 1
2472 7
2473 7
2474 6
2475 7
2476 7
2477 5
2478 3
2479 6
2480 6
2481 5
2482 1
2483 7
2484 6
2485 7
2486 1
2487 3
2488 4
2489 3
2490 3
2491 6
2492 5
2493 3
2494 4
2495 3
2496 5
2497 6
2498 3
2499 5
2500 7
2501 7
2502 6
2503 7
2504 7
2505 5
2506 3
2507 6
2508 5
2509 3
2510 7
2511 7
2512 4
2513 7
2514 2
2515 3
2516 5
2517 3
2518 6
2519 5
2520 6
2521 4
2522 6
2523 3
2524 5
2525 6
2526 3
2527 5
2528 3
2529 6
2530 7
2531 7
2532 3
2533 6
2534 3
2535 5
2536 2
2537 7
2538 1
2539 5
2540 7
2541 2
2542 5
2543 3
2544 6
2545 3
2546 7
2547 7
2548 7
2549 3
2550 5
2551 3
2552 6
2553 5
2554 3
2555 6
2556 4
2557 6
2558 6
2559 4
2560 3
2561 5
2562 3
2563 2
2564 7
2565 4
2566 7
2567 7
2568 7
2569 3
2570 6
2571 3
2572 5
2573 7
2574 7
2575 6
2576 7
2577 7
2578 1
2579 5
2580 5
2581 6
2582 3
2583 1
2584 7
2585 6
2586 7
2587 1
2588 3
2589 6
2590 3
2591 5
2592 6
2593 5
2594 3
2595 4
2596 3
2597 5
2598 6
2599 3
2600 1
2601 7
2602 6
2603 7
2604 1
2605 3
2606 4
2607 3
2608 2
2609 7
2610 7
2611 7
2612 6
2613 7
2614 7
2615 5
2616 5
2617 4
2618 3
2619 2
2620 6
2621 6
2622 4
2623 7
2624 2
2625 3
2626 4
2627 5
2628 4
2629 3
2630 7
2631 7
2632 7
2633 4
2634 7
2635 2
2636 3
2637 5
2638 3
2639 6
2640 1
2641 7
2642 2
2643 7
2644 4
2645 7
2646 2
2647 7
2648 1
2649 5
2650 3
2651 5
2652 3
2653 2
2654 7
2655 4
2656 7
2657 7
2658 7
2659 3
2660 4
2661 5
2662 4
2663 3
2664 2
2665 7
2666 4
2667 6
2668 6
2669 4
2670 3
2671 4
2672 5
2673 5
2674 7
2675 7
2676 6
2677 7
2678 7
2679 3
2680 2
2681 3
2682 4
2683 3
2684 1
2685 7
2686 6
2687 7
2688 1
2689 5
2690 7
2691 2
2692 3
2693 6
2694 5
2695 3
2696 4
2697 3
2698 5
2699 6
2700 5
2701 3
2702 4
2703 3
2704 5
2705 6
2706 3
2707 5
2708 7
2709 7
2710 3
2711 7
2712 6
2713 7
2714 1
2715 3
2716 4
2717 5
2718 5
2719 7
2720 4
2721 6
2722 6
2723 7
2724 7
2725 5
2726 5
2727 5
2728 5
2729 5
2730 3
2731 7
2732 7
2733 6
2734 7
2735 7
2736 5
2737 5
2738 4
2739 3
2740 5
2741 1
2742 7
2743 7
2744 6
2745 7
2746 7
2747 5
2748 3
2749 6
2750 6
2751 3
2752 5
2753 7
2754 7
2755 6
2756 7
2757 7
2758 1
2759 5
2760 3
2761 4
2762 5
2763 5
2764 7
2765 7
2766 6
2767 7
2768 7
2769 3
2770 5
2771 5
2772 5
2773 5
2774 5
2775 7
2776 7
2777 6
2778 6
2779 4
2780 7
2781 5
2782 5
2783 4
2784 3
2785 1
2786 7
2787 6
2788 7
2789 3
2790 7
2791 7
2792 5
2793 3
2794 6
2795 5
2796 3
2797 4
2798 3
2799 5
2800 6
2801 3
2802 6
2803 3
2804 6
2805 5
2806 2
2807 7
2808 2
2809 7
2810 3
2811 3
2812 4
2813 3
2814 5
2815 6
2816 3
2817 5
2818 3
2819 2
2820 6
2821 4
2822 6
2823 7
2824 1
2825 3
2826 4
2827 5
2828 4
2829 3
2830 3
2831 3
2832 7
2833 6
2834 7
2835 1
2836 3
2837 4
2838 5
2839 5
2840 6
2841 5
2842 1
2843 7
2844 6
2845 7
2846 1
2847 3
2848 4
2849 3
2850 5
2851 6
2852 3
2853 1
2854 7
2855 6
2856 7
2857 1
2858 3
2859 6
2860 2
2861 3
2862 4
2863 3
2864 1
2865 7
2866 6
2867 7
2868 1
2869 5
2870 7
2871 5
2872 5
2873 4
2874 3
2875 1
2876 7
2877 6
2878 7
2879 3
2880 2
2881 3
2882 4
2883 5
2884 4
2885 3
2886 1
2887 7
2888 6
2889 4
2890 7
2891 2
2892 3
2893 5
2894 3
2895 6
2896 5
2897 3
2898 4
2899 3
2900 3
2901 4
2902 4
2903 4
2904 3
2905 3
2906 7
2907 7
2908 7
2909 3
2910 4
2911 3
2912 6
2913 3
2914 6
2915 5
2916 2
2917 7
2918 2
2919 5
2920 4
2921 6
2922 4
2923 3
2924 5
2925 6
2926 3
2927 5
2928 3
2929 6
2930 4
2931 3
2932 3
2933 4
2934 3
2935 5
2936 6
2937 3
2938 5
2939 3
2940 3
2941 6
2942 5
2943 3
2944 4
2945 3
2946 5
2947 6
2948 3
2949 5
2950 3
2951 5
2952 6
2953 5
2954 3
2955 4
2956 3
2957 5
2958 6
2959 3
2960 7
2961 2
2962 3
2963 6
2964 5
2965 3
2966 4
2967 3
2968 5
2969 6
2970 7
2971 7
2972 5
2973 3
2974 6
2975 5
2976 3
2977 4
2978 3
2979 5
2980 7
2981 2
2982 3
2983 5
2984 3
2985 6
2986 5
2987 3
2988 4
2989 3
2990 3
2991 5
2992 6
2993 3
2994 5
2995 3
2996 6
2997 5
2998 3
2999 4
3000 6
3001 3
3002 5
3003 6
3004 3
3005 5
3006 3
3007 6
3008 5
3009 3
3010 3
3011 6
3012 3
3013 5
3014 2
3015 7
3016 1
3017 5
3018 6
3019 3
3020 5
3021 3
3022 6
3023 3
3024 7
3025 7
3026 7
3027 3
3028 3
3029 4
3030 6
3031 5
3032 3
3033 6
3034 4
3035 6
3036 6
3037 4
3038 6
3039 4
3040 3
3041 2
3042 7
3043 4
3044 7
3045 7
3046 7
3047 3
3048 3
3049 4
3050 5
3051 7
3052 7
3053 6
3054 7
3055 7
3056 1
3057 5
3058 6
3059 3
3060 3
3061 1
3062 7
3063 6
3064 7
3065 1
3066 3
3067 6
3068 5
3069 3
3070 6
3071 5
3072 3
3073 4
3074 3
3075 5
3076 6
3077 3
3078 2
3079 7
3080 5
3081 6
3082 3
3083 6
3084 3
3085 6
3086 5
3087 2
3088 7
3089 7
3090 3
3091 3
3092 4
3093 4
3094 4
3095 3
3096 3
3097 7
3098 7
3099 7
3100 3
3101 6
3102 3
3103 5
3104 2
3105 7
3106 1
3107 5
3108 6
3109 3
3110 6
3111 4
3112 3
3113 6
3114 5
3115 2
3116 7
3117 1
3118 5
3119 6
3120 3
3121 3
3122 4
3123 3
3124 3
3125 7
3126 7
3127 7
3128 3
3129 3
3130 5
3131 6
3132 3
3133 4
3134 6
3135 4
3136 6
3137 6
3138 4
3139 6
3140 2
3141 5
3142 3
3143 6
3144 3
3145 7
3146 7
3147 7
3148 3
3149 3
3150 7
3151 2
3152 7
3153 4
3154 7
3155 2
3156 7
3157 1
3158 5
3159 6
3160 1
3161 7
3162 7
3163 6
3164 7
3165 7
3166 5
3167 3
3168 6
3169 5
3170 5
3171 1
3172 7
3173 6
3174 7
3175 1
3176 3
3177 4
3178 3
3179 2
3180 6
3181 5
3182 3
3183 4
3184 3
3185 5
3186 6
3187 3
3188 5
3189 7
3190 3
3191 6
3192 3
3193 6
3194 3
3195 6
3196 5
3197 2
3198 7
3199 2
3200 5
3201 3
3202 6
3203 3
3204 7
3205 7
3206 7
3207 3
3208 3
3209 4
3210 3
3211 3
3212 4
3213 3
3214 3
3215 7
3216 7
3217 7
3218 3
3219 3
3220 6
3221 4
3222 5
3223 4
3224 3
3225 3
3226 7
3227 7
3228 7
3229 3
3230 3
3231 3
3232 4
3233 5
3234 4
3235 6
3236 4
3237 6
3238 6
3239 4
3240 7
3241 3
3242 3
3243 4
3244 3
3245 3
3246 7
3247 7
3248 7
3249 3
3250 7
3251 7
3252 3
3253 6
3254 3
3255 5
3256 2
3257 7
3258 1
3259 5
3260 7
3261 7
3262 7
3263 4
3264 7
3265 2
3266 3
3267 5
3268 3
3269 6
3270 3
3271 7
3272 7
3273 6
3274 7
3275 7
3276 5
3277 5
3278 4
3279 3
3280 3
3281 3
3282 7
3283 6
3284 7
3285 1
3286 3
3287 4
3288 5
3289 5
3290 4
3291 3
3292 3
3293 4
3294 3
3295 5
3296 6
3297 3
3298 5
3299 3
3300 6
3301 5
3302 3
3303 6
3304 4
3305 6
3306 6
3307 4
3308 6
3309 4
3310 5
3311 6
3312 3
3313 4
3314 6
3315 4
3316 6
3317 6
3318 4
3319 6
3320 3
3321 3
3322 4
3323 5
3324 4
3325 6
3326 4
3327 6
3328 6
3329 4
3330 6
3331 4
3332 5
3333 1
3334 5
3335 4
3336 6
3337 4
3338 6
3339 6
3340 4
3341 6
3342 4
3343 5
3344 4
3345 3
3346 3
3347 7
3348 7
3349 7
3350 6
3351 4
3352 6
3353 4
3354 3
3355 6
3356 5
3357 2
3358 7
3359 1
3360 6
3361 6
3362 4
3363 6
3364 3
3365 5
3366 6
3367 3
3368 5
3369 3
3370 4
3371 6
3372 6
3373 4
3374 7
3375 2
3376 3
3377 4
3378 5
3379 4
3380 6
3381 4
3382 6
3383 6
3384 7
3385 7
3386 5
3387 5
3388 5
3389 5
3390 4
3391 6
3392 4
3393 6
3394 7
3395 1
3396 3
3397 4
3398 5
3399 4
3400 3
3401 2
3402 7
3403 4
3404 7
3405 7
3406 7
3407 3
3408 3
3409 4
3410 2
3411 5
3412 3
3413 6
3414 3
3415 7
3416 7
3417 7
3418 3
3419 3
3420 7
3421 3
3422 3
3423 4
3424 3
3425 3
3426 7
3427 7
3428 7
3429 3
3430 4
3431 6
3432 4
3433 5
3434 4
3435 3
3436 3
3437 7
3438 7
3439 7
3440 7
3441 3
3442 3
3443 4
3444 5
3445 4
3446 6
3447 4
3448 6
3449 6
3450 7
3451 7
3452 3
3453 3
3454 4
3455 3
3456 3
3457 7
3458 7
3459 7
3460 7
3461 7
3462 7
3463 3
3464 6
3465 3
3466 5
3467 2
3468 7
3469 1
3470 3
3471 7
3472 7
3473 7
3474 4
3475 7
3476 2
3477 3
3478 5
3479 3
3480 3
3481 3
3482 7
3483 7
3484 6
3485 7
3486 7
3487 5
3488 5
3489 4
3490 4
3491 3
3492 3
3493 7
3494 6
3495 7
3496 1
3497 3
3498 4
3499 5
3500 5
3501 7
3502 7
3503 6
3504 7
3505 7
3506 1
3507 5
3508 6
3509 3
3510 7
3511 2
3512 7
3513 4
3514 7
3515 2
3516 7
3517 1
3518 5
3519 6
3520 7
3521 7
3522 3
3523 6
3524 3
3525 5
3526 2
3527 7
3528 1
3529 5
3530 6
3531 4
3532 6
3533 4
3534 3
3535 6
3536 5
3537 2
3538 7
3539 1
3540 7
3541 7
3542 3
3543 3
3544 4
3545 3
3546 3
3547 7
3548 7
3549 7
3550 7
3551 2
3552 5
3553 6
3554 3
3555 4
3556 6
3557 4
3558 6
3559 6
3560 1
3561 7
3562 2
3563 5
3564 3
3565 6
3566 3
3567 7
3568 7
3569 7
3570 5
3571 1
3572 7
3573 2
3574 7
3575 4
3576 7
3577 2
3578 7
3579 1
3580 6
3581 5
3582 1
3583 7
3584 7
3585 6
3586 7
3587 7
3588 5
3589 3
3590 3
3591 6
3592 5
3593 1
3594 7
3595 6
3596 7
3597 1
3598 3
3599 4
3600 3
3601 1
3602 7
3603 6
3604 7
3605 1
3606 3
3607 6
3608 5
3609 3
3610 1
3611 7
3612 7
3613 6
3614 7
3615 7
3616 5
3617 3
3618 6
3619 5
3620 7
3621 7
3622 7
3623 4
3624 7
3625 2
3626 3
3627 5
3628 3
3629 6
3630 6
3631 6
3632 4
3633 6
3634 3
3635 5
3636 6
3637 3
3638 5
3639 3
3640 7
3641 7
3642 7
3643 3
3644 6
3645 3
3646 5
3647 2
3648 7
3649 1
3650 1
3651 7
3652 2
3653 5
3654 3
3655 6
3656 3
3657 7
3658 7
3659 7
3660 3
3661 5
3662 3
3663 6
3664 5
3665 3
3666 6
3667 4
3668 6
3669 6
3670 6
3671 3
3672 5
3673 3
3674 2
3675 7
3676 4
3677 7
3678 7
3679 7
3680 5
3681 6
3682 3
3683 5
3684 7
3685 7
3686 6
3687 7
3688 7
3689 1
3690 3
3691 5
3692 6
3693 3
3694 1
3695 7
3696 6
3697 7
3698 1
3699 3
3700 6
3701 5
3702 3
3703 4
3704 3
3705 5
3706 6
3707 3
3708 2
3709 7
3710 5
3711 1
3712 7
3713 6
3714 7
3715 1
3716 3
3717 4
3718 3
3719 2
3720 3
3721 7
3722 7
3723 6
3724 7
3725 7
3726 5
3727 5
3728 4
3729 3
3730 4
3731 6
3732 6
3733 4
3734 7
3735 2
3736 3
3737 4
3738 5
3739 4
3740 3
3741 7
3742 7
3743 7
3744 4
3745 7
3746 2
3747 3
3748 5
3749 3
3750 5
3751 1
3752 7
3753 2
3754 7
3755 4
3756 7
3757 2
3758 7
3759 1
3760 6
3761 3
3762 5
3763 3
3764 2
3765 7
3766 4
3767 7
3768 7
3769 7
3770 3
3771 4
3772 5
3773 4
3774 3
3775 2
3776 7
3777 4
3778 6
3779 6
3780 2
3781 3
3782 4
3783 5
3784 5
3785 7
3786 7
3787 6
3788 7
3789 7
3790 7
3791 2
3792 3
3793 4
3794 3
3795 1
3796 7
3797 6
3798 7
3799 1
3800 5
3801 6
3802 3
3803 6
3804 3
3805 6
3806 5
3807 2
3808 7
3809 7
3810 6
3811 5
3812 3
3813 4
3814 3
3815 5
3816 6
3817 3
3818 5
3819 7
3820 3
3821 3
3822 7
3823 6
3824 7
3825 1
3826 3
3827 4
3828 5
3829 5
3830 6
3831 4
3832 6
3833 6
3834 7
3835 7
3836 5
3837 5
3838 5
3839 5
3840 3
3841 3
3842 7
3843 7
3844 6
3845 7
3846 7
3847 5
3848 5
3849 4
3850 6
3851 5
3852 1
3853 7
3854 7
3855 6
3856 7
3857 7
3858 5
3859 3
3860 5
3861 6
3862 3
3863 5
3864 7
3865 7
3866 6
3867 7
3868 7
3869 1
3870 2
3871 3
3872 4
3873 5
3874 5
3875 7
3876 7
3877 6
3878 7
3879 7
3880 7
3881 5
3882 5
3883 5
3884 5
3885 5
3886 7
3887 7
3888 6
3889 6
3890 7
3891 7
3892 5
3893 5
3894 4
3895 3
3896 1
3897 7
3898 6
3899 7
3900 3
3901 3
3902 4
3903 4
3904 4
3905 3
3906 3
3907 7
3908 7
3909 7
3910 3
3911 6
3912 3
3913 6
3914 3
3915 6
3916 5
3917 2
3918 7
3919 2
3920 4
3921 3
3922 3
3923 4
3924 3
3925 5
3926 6
3927 3
3928 5
3929 3
3930 4
3931 6
3932 4
3933 6
3934 7
3935 1
3936 3
3937 4
3938 5
3939 4
3940 4
3941 3
3942 3
3943 7
3944 6
3945 7
3946 1
3947 3
3948 4
3949 5
3950 3
3951 6
3952 5
3953 1
3954 7
3955 6
3956 7
3957 1
3958 3
3959 4
3960 3
3961 5
3962 6
3963 3
3964 1
3965 7
3966 6
3967 7
3968 1
3969 3
3970 7
3971 2
3972 3
3973 4
3974 3
3975 1
3976 7
3977 6
3978 7
3979 1
3980 7
3981 7
3982 5
3983 5
3984 4
3985 3
3986 1
3987 7
3988 6
3989 7
3990 7
3991 2
3992 3
3993 4
3994 5
3995 4
3996 3
3997 1
3998 7
3999 6
4000 4
4001 7
4002 2
4003 3
4004 4
4005 5
4006 4
4007 3
4008 2
4009 7
4010 7
4011 4
4012 7
4013 2
4014 3
4015 5
4016 3
4017 6
4018 5
4019 3
4020 2
4021 7
4022 4
4023 7
4024 2
4025 7
4026 1
4027 5
4028 6
4029 3
4030 3
4031 2
4032 7
4033 4
4034 7
4035 7
4036 7
4037 3
4038 3
4039 4
4040 4
4041 3
4042 2
4043 7
4044 4
4045 6
4046 6
4047 4
4048 6
4049 4
4050 5
4051 5
4052 7
4053 7
4054 6
4055 7
4056 7
4057 3
4058 3
4059 4
4060 4
4061 3
4062 1
4063 7
4064 6
4065 7
4066 1
4067 5
4068 6
4069 3
4070 3
4071 6
4072 5
4073 3
4074 4
4075 3
4076 5
4077 6
4078 5
4079 3
4080 2
4081 5
4082 6
4083 3
4084 6
4085 3
4086 6
4087 5
4088 2
4089 7
4090 7
4091 3
4092 3
4093 4
4094 4
4095 4
4096 3
4097 3
4098 7
4099 7
4100 7
4101 4
4102 7
4103 2
4104 3
4105 5
4106 3
4107 6
4108 5
4109 3
4110 4
4111 6
4112 3
4113 5
4114 6
4115 3
4116 5
4117 3
4118 6
4119 5
4120 7
4121 3
4122 6
4123 3
4124 5
4125 2
4126 7
4127 1
4128 5
4129 6
4130 2
4131 5
4132 3
4133 6
4134 3
4135 7
4136 7
4137 7
4138 3
4139 3
4140 3
4141 6
4142 5
4143 3
4144 6
4145 4
4146 6
4147 6
4148 4
4149 6
4150 5
4151 3
4152 2
4153 7
4154 4
4155 7
4156 7
4157 7
4158 3
4159 3
4160 3
4161 5
4162 7
4163 7
4164 6
4165 7
4166 7
4167 1
4168 5
4169 6
4170 6
4171 3
4172 1
4173 7
4174 6
4175 7
4176 1
4177 3
4178 6
4179 5
4180 5
4181 6
4182 5
4183 3
4184 4
4185 3
4186 5
4187 6
4188 3
4189 2
4190 3
4191 5
4192 6
4193 3
4194 6
4195 3
4196 6
4197 5
4198 2
4199 7
4200 2
4201 7
4202 4
4203 7
4204 2
4205 7
4206 1
4207 5
4208 6
4209 3
4210 7
4211 3
4212 6
4213 3
4214 5
4215 2
4216 7
4217 1
4218 5
4219 6
4220 4
4221 6
4222 4
4223 3
4224 6
4225 5
4226 2
4227 7
4228 1
4229 5
4230 7
4231 3
4232 3
4233 4
4234 3
4235 3
4236 7
4237 7
4238 7
4239 3
4240 2
4241 5
4242 6
4243 3
4244 4
4245 6
4246 4
4247 6
4248 6
4249 4
4250 7
4251 2
4252 5
4253 3
4254 6
4255 3
4256 7
4257 7
4258 7
4259 3
4260 1
4261 7
4262 2
4263 7
4264 4
4265 7
4266 2
4267 7
4268 1
4269 5
4270 5
4271 1
4272 7
4273 7
4274 6
4275 7
4276 7
4277 5
4278 3
4279 6
4280 6
4281 5
4282 1
4283 7
4284 6
4285 7
4286 1
4287 3
4288 4
4289 3
4290 3
4291 6
4292 5
4293 3
4294 4
4295 3
4296 5
4297 6
4298 3
4299 5
4300 3
4301 2
4302 7
4303 4
4304 7
4305 7
4306 7
4307 3
4308 3
4309 4
4310 2
4311 5
4312 3
4313 6
4314 3
4315 7
4316 7
4317 7
4318 3
4319 3
4320 7
4321 3
4322 3
4323 4
4324 3
4325 3
4326 7
4327 7
4328 7
4329 3
4330 4
4331 6
4332 4
4333 5
4334 4
4335 3
4336 3
4337 7
4338 7
4339 7
4340 7
4341 3
4342 3
4343 4
4344 5
4345 4
4346 6
4347 4
4348 6
4349 6
4350 7
4351 7
4352 3
4353 3
4354 4
4355 3
4356 3
4357 7
4358 7
4359 7
4360 7
4361 7
4362 7
4363 3
4364 6
4365 3
4366 5
4367 2
4368 7
4369 1
4370 3
4371 7
4372 7
4373 7
4374 4
4375 7
4376 2
4377 3
4378 5
4379 3
4380 3
4381 3
4382 7
4383 7
4384 6
4385 7
4386 7
4387 5
4388 5
4389 4
4390 4
4391 3
4392 3
4393 7
4394 6
4395 7
4396 1
4397 3
4398 4
4399 5
4400 4
4401 3
4402 2
4403 7
4404 4
4405 6
4406 6
4407 4
4408 6
4409 4
4410 3
4411 6
4412 5
4413 3
4414 6
4415 4
4416 6
4417 6
4418 4
4419 6
4420 2
4421 5
4422 6
4423 3
4424 4
4425 6
4426 4
4427 6
4428 6
4429 4
4430 7
4431 3
4432 3
4433 4
4434 5
4435 4
4436 6
4437 4
4438 6
4439 6
4440 4
4441 6
4442 4
4443 5
4444 1
4445 5
4446 4
4447 6
4448 4
4449 6
4450 6
4451 4
4452 6
4453 4
4454 5
4455 4
4456 3
4457 3
4458 7
4459 7
4460 6
4461 6
4462 4
4463 6
4464 4
4465 3
4466 6
4467 5
4468 2
4469 7
4470 4
4471 6
4472 6
4473 4
4474 6
4475 3
4476 5
4477 6
4478 3
4479 5
4480 6
4481 4
4482 6
4483 6
4484 4
4485 7
4486 2
4487 3
4488 4
4489 5
4490 4
4491 6
4492 4
4493 6
4494 6
4495 7
4496 7
4497 5
4498 5
4499 5
4500 5
4501 5
4502 7
4503 7
4504 6
4505 7
4506 7
4507 3
4508 3
4509 4
4510 5
4511 3
4512 2
4513 7
4514 4
4515 7
4516 7
4517 7
4518 3
4519 3
4520 7
4521 2
4522 5
4523 3
4524 6
4525 3
4526 7
4527 7
4528 7
4529 3
4530 7
4531 7
4532 3
4533 3
4534 4
4535 3
4536 3
4537 7
4538 7
4539 7
4540 6
4541 4
4542 6
4543 4
4544 5
4545 4
4546 3
4547 3
4548 7
4549 7
4550 7
4551 7
4552 3
4553 3
4554 4
4555 5
4556 4
4557 6
4558 4
4559 6
4560 7
4561 7
4562 7
4563 3
4564 3
4565 4
4566 3
4567 3
4568 7
4569 7
4570 3
4571 7
4572 7
4573 7
4574 3
4575 6
4576 3
4577 5
4578 2
4579 7
4580 3
4581 3
4582 7
4583 7
4584 7
4585 4
4586 7
4587 2
4588 3
4589 5
4590 4
4591 3
4592 3
4593 7
4594 7
4595 6
4596 7
4597 7
4598 5
4599 5
4600 4
4601 3
4602 1
4603 7
4604 6
4605 7
4606 1
4607 5
4608 6
4609 3
4610 3
4611 5
4612 7
4613 7
4614 6
4615 7
4616 7
4617 1
4618 5
4619 6
4620 1
4621 7
4622 2
4623 7
4624 4
4625 7
4626 2
4627 7
4628 1
4629 5
4630 7
4631 7
4632 7
4633 3
4634 6
4635 3
4636 5
4637 2
4638 7
4639 1
4640 6
4641 6
4642 4
4643 6
4644 4
4645 3
4646 6
4647 5
4648 2
4649 7
4650 7
4651 7
4652 7
4653 3
4654 3
4655 4
4656 3
4657 3
4658 7
4659 7
4660 1
4661 7
4662 2
4663 5
4664 6
4665 3
4666 4
4667 6
4668 4
4669 6
4670 5
4671 1
4672 7
4673 2
4674 5
4675 3
4676 6
4677 3
4678 7
4679 7
4680 6
4681 5
4682 1
4683 7
4684 2
4685 7
4686 4
4687 7
4688 2
4689 7
4690 3
4691 6
4692 5
4693 1
4694 7
4695 7
4696 6
4697 7
4698 7
4699 5
4700 3
4701 6
4702 5
4703 3
4704 4
4705 3
4706 5
4707 6
4708 5
4709 3
4710 6
4711 3
4712 1
4713 7
4714 6
4715 7
4716 1
4717 3
4718 6
4719 5
4720 5
4721 1
4722 7
4723 7
4724 6
4725 7
4726 7
4727 5
4728 3
4729 6
4730 3
4731 7
4732 7
4733 7
4734 4
4735 7
4736 2
4737 3
4738 5
4739 3
4740 4
4741 6
4742 6
4743 4
4744 6
4745 3
4746 5
4747 6
4748 3
4749 5
4750 3
4751 7
4752 7
4753 7
4754 3
4755 6
4756 3
4757 5
4758 2
4759 7
4760 5
4761 1
4762 7
4763 2
4764 5
4765 3
4766 6
4767 3
4768 7
4769 7
4770 6
4771 3
4772 5
4773 3
4774 6
4775 5
4776 3
4777 6
4778 4
4779 6
4780 5
4781 6
4782 3
4783 5
4784 3
4785 2
4786 7
4787 4
4788 7
4789 7
4790 3
4791 5
4792 6
4793 3
4794 5
4795 7
4796 7
4797 6
4798 7
4799 7
4800 2
4801 5
4802 6
4803 3
4804 6
4805 3
4806 6
4807 5
4808 2
4809 7
4810 5
4811 6
4812 5
4813 3
4814 4
4815 3
4816 5
4817 6
4818 3
4819 2
4820 6
4821 5
4822 1
4823 7
4824 6
4825 7
4826 1
4827 3
4828 4
4829 3
4830 3
4831 3
4832 7
4833 7
4834 6
4835 7
4836 7
4837 5
4838 5
4839 4
4840 6
4841 4
4842 6
4843 6
4844 4
4845 7
4846 2
4847 3
4848 4
4849 5
4850 3
4851 3
4852 7
4853 7
4854 7
4855 4
4856 7
4857 2
4858 3
4859 5
4860 6
4861 5
4862 1
4863 7
4864 2
4865 7
4866 4
4867 7
4868 2
4869 7
4870 5
4871 6
4872 3
4873 5
4874 3
4875 2
4876 7
4877 4
4878 7
4879 7
4880 2
4881 3
4882 4
4883 5
4884 4
4885 3
4886 2
4887 7
4888 4
4889 6
4890 7
4891 2
4892 3
4893 4
4894 5
4895 5
4896 7
4897 7
4898 6
4899 7
4900 7
4901 3
4902 3
4903 4
4904 4
4905 4
4906 3
4907 3
4908 7
4909 7
4910 3
4911 5
4912 6
4913 3
4914 6
4915 3
4916 6
4917 5
4918 2
4919 7
4920 3
4921 6
4922 5
4923 3
4924 4
4925 3
4926 5
4927 6
4928 3
4929 5
4930 4
4931 3
4932 3
4933 7
4934 6
4935 7
4936 1
4937 3
4938 4
4939 5
4940 4
4941 6
4942 4
4943 6
4944 6
4945 7
4946 7
4947 5
4948 5
4949 5
4950 4
4951 3
4952 3
4953 7
4954 7
4955 6
4956 7
4957 7
4958 5
4959 5
4960 3
4961 6
4962 5
4963 1
4964 7
4965 7
4966 6
4967 7
4968 7
4969 5
4970 3
4971 5
4972 6
4973 3
4974 5
4975 7
4976 7
4977 6
4978 7
4979 7
4980 7
4981 2
4982 3
4983 4
4984 5
4985 5
4986 7
4987 7
4988 6
4989 7
4990 7
4991 7
4992 5
4993 5
4994 5
4995 5
4996 5
4997 7
4998 7
4999 6
5000 6
5001 7
5002 7
5003 5
5004 5
5005 5
5006 5
5007 5
5008 7
5009 7
5010 7
5011 6
5012 7
5013 7
5014 5
5015 5
5016 4
5017 3
5018 2
5019 7
5020 7
5021 7
5022 6
5023 7
5024 7
5025 5
5026 3
5027 6
5028 5
5029 3
5030 5
5031 7
5032 7
5033 6
5034 7
5035 7
5036 1
5037 5
5038 6
5039 3
5040 5
5041 5
5042 7
5043 7
5044 6
5045 7
5046 7
5047 3
5048 3
5049 4
5050 5
5051 5
5052 5
5053 7
5054 7
5055 6
5056 6
5057 4
5058 6
5059 4
5060 5
5061 4
5062 3
5063 1
5064 7
5065 6
5066 7
5067 3
5068 3
5069 4
5070 5
5071 3
5072 6
5073 5
5074 3
5075 4
5076 3
5077 5
5078 6
5079 3
5080 7
5081 2
5082 5
5083 6
5084 3
5085 6
5086 3
5087 6
5088 5
5089 3
5090 7
5091 7
5092 3
5093 3
5094 4
5095 4
5096 4
5097 3
5098 3
5099 7
5100 7
5101 6
5102 7
5103 7
5104 5
5105 5
5106 4
5107 3
5108 2
5109 7
5110 6
5111 4
5112 7
5113 2
5114 3
5115 4
5116 5
5117 4
5118 3
5119 2
5120 7
5121 7
5122 4
5123 7
5124 2
5125 3
5126 5
5127 3
5128 6
5129 5
5130 7
5131 2
5132 7
5133 4
5134 7
5135 2
5136 7
5137 1
5138 5
5139 6
5140 5
5141 3
5142 2
5143 7
5144 4
5145 7
5146 7
5147 7
5148 3
5149 3
5150 5
5151 4
5152 3
5153 2
5154 7
5155 4
5156 6
5157 6
5158 4
5159 6
5160 4
5161 5
5162 5
5163 7
5164 7
5165 6
5166 7
5167 7
5168 3
5169 3
5170 3
5171 4
5172 3
5173 1
5174 7
5175 6
5176 7
5177 1
5178 5
5179 6
5180 2
5181 3
5182 6
5183 5
5184 3
5185 4
5186 3
5187 5
5188 6
5189 5
5190 7
5191 2
5192 5
5193 6
5194 3
5195 6
5196 3
5197 6
5198 5
5199 2
5200 7
5201 7
5202 6
5203 7
5204 7
5205 5
5206 3
5207 6
5208 5
5209 3
5210 7
5211 7
5212 4
5213 7
5214 2
5215 3
5216 5
5217 3
5218 6
5219 5
5220 6
5221 4
5222 6
5223 3
5224 5
5225 6
5226 3
5227 5
5228 3
5229 6
5230 7
5231 7
5232 3
5233 6
5234 3
5235 5
5236 2
5237 7
5238 1
5239 5
5240 7
5241 2
5242 5
5243 3
5244 6
5245 3
5246 7
5247 7
5248 7
5249 3
5250 5
5251 3
5252 6
5253 5
5254 3
5255 6
5256 4
5257 6
5258 6
5259 4
5260 3
5261 5
5262 3
5263 2
5264 7
5265 4
5266 7
5267 7
5268 7
5269 3
5270 6
5271 3
5272 5
5273 7
5274 7
5275 6
5276 7
5277 7
5278 1
5279 5
5280 5
5281 6
5282 3
5283 1
5284 7
5285 6
5286 7
5287 1
5288 3
5289 6
5290 3
5291 5
5292 6
5293 5
5294 3
5295 4
5296 3
5297 5
5298 6
5299 3
5300 5
5301 7
5302 7
5303 6
5304 7
5305 7
5306 1
5307 5
5308 6
5309 3
5310 7
5311 2
5312 7
5313 4
5314 7
5315 2
5316 7
5317 1
5318 5
5319 6
5320 7
5321 7
5322 3
5323 6
5324 3
5325 5
5326 2
5327 7
5328 1
5329 5
5330 6
5331 4
5332 6
5333 4
5334 3
5335 6
5336 5
5337 2
5338 7
5339 1
5340 7
5341 7
5342 3
5343 3
5344 4
5345 3
5346 3
5347 7
5348 7
5349 7
5350 7
5351 2
5352 5
5353 6
5354 3
5355 4
5356 6
5357 4
5358 6
5359 6
5360 1
5361 7
5362 2
5363 5
5364 3
5365 6
5366 3
5367 7
5368 7
5369 7
5370 5
5371 1
5372 7
5373 2
5374 7
5375 4
5376 7
5377 2
5378 7
5379 1
5380 6
5381 5
5382 1
5383 7
5384 7
5385 6
5386 7
5387 7
5388 5
5389 3
5390 3
5391 6
5392 5
5393 1
5394 7
5395 6
5396 7
5397 1
5398 3
5399 4
5400 5
5401 5
5402 7
5403 7
5404 6
5405 7
5406 7
5407 3
5408 3
5409 4
5410 5
5411 3
5412 2
5413 7
5414 4
5415 7
5416 7
5417 7
5418 3
5419 3
5420 7
5421 2
5422 5
5423 3
5424 6
5425 3
5426 7
5427 7
5428 7
5429 3
5430 7
5431 7
5432 3
5433 3
5434 4
5435 3
5436 3
5437 7
5438 7
5439 7
5440 6
5441 4
5442 6
5443 4
5444 5
5445 4
5446 3
5447 3
5448 7
5449 7
5450 7
5451 7
5452 3
5453 3
5454 4
5455 5
5456 4
5457 6
5458 4
5459 6
5460 7
5461 7
5462 7
5463 3
5464 3
5465 4
5466 3
5467 3
5468 7
5469 7
5470 3
5471 7
5472 7
5473 7
5474 3
5475 6
5476 3
5477 5
5478 2
5479 7
5480 3
5481 3
5482 7
5483 7
5484 7
5485 4
5486 7
5487 2
5488 3
5489 5
5490 4
5491 3
5492 3
5493 7
5494 7
5495 6
5496 7
5497 7
5498 5
5499 5
5500 5
5501 5
5502 5
5503 7
5504 7
5505 6
5506 6
5507 4
5508 6
5509 4
5510 5
5511 4
5512 3
5513 2
5514 7
5515 4
5516 6
5517 6
5518 4
5519 6
5520 5
5521 3
5522 6
5523 5
5524 3
5525 6
5526 4
5527 6
5528 6
5529 4
5530 7
5531 2
5532 5
5533 6
5534 3
5535 4
5536 6
5537 4
5538 6
5539 6
5540 7
5541 7
5542 3
5543 3
5544 4
5545 5
5546 4
5547 6
5548 4
5549 6
5550 6
5551 4
5552 6
5553 4
5554 5
5555 1
5556 5
5557 4
5558 6
5559 4
5560 6
5561 6
5562 4
5563 6
5564 4
5565 5
5566 4
5567 3
5568 3
5569 7
5570 4
5571 6
5572 6
5573 4
5574 6
5575 4
5576 3
5577 6
5578 5
5579 2
5580 6
5581 4
5582 6
5583 6
5584 4
5585 6
5586 3
5587 5
5588 6
5589 3
5590 4
5591 6
5592 4
5593 6
5594 6
5595 4
5596 7
5597 2
5598 3
5599 4
5600 5
5601 4
5602 3
5603 1
5604 7
5605 6
5606 7
5607 3
5608 3
5609 4
5610 4
5611 5
5612 5
5613 7
5614 7
5615 6
5616 7
5617 7
5618 3
5619 3
5620 3
5621 5
5622 3
5623 2
5624 7
5625 4
5626 7
5627 7
5628 7
5629 3
5630 1
5631 7
5632 2
5633 5
5634 3
5635 6
5636 3
5637 7
5638 7
5639 7
5640 7
5641 7
5642 7
5643 3
5644 3
5645 4
5646 3
5647 3
5648 7
5649 7
5650 6
5651 6
5652 4
5653 6
5654 4
5655 5
5656 4
5657 3
5658 3
5659 7
5660 7
5661 7
5662 7
5663 3
5664 3
5665 4
5666 5
5667 4
5668 6
5669 4
5670 3
5671 7
5672 7
5673 7
5674 3
5675 3
5676 4
5677 3
5678 3
5679 7
5680 3
5681 3
5682 7
5683 7
5684 7
5685 3
5686 6
5687 3
5688 5
5689 2
5690 4
5691 3
5692 3
5693 7
5694 7
5695 7
5696 4
5697 7
5698 2
5699 3
5700 5
5701 3
5702 6
5703 5
5704 3
5705 4
5706 3
5707 5
5708 6
5709 3
5710 3
5711 4
5712 3
5713 1
5714 7
5715 6
5716 7
5717 1
5718 5
5719 6
5720 6
5721 3
5722 5
5723 7
5724 7
5725 6
5726 7
5727 7
5728 1
5729 5
5730 5
5731 1
5732 7
5733 2
5734 7
5735 4
5736 7
5737 2
5738 7
5739 1
5740 3
5741 7
5742 7
5743 7
5744 3
5745 6
5746 3
5747 5
5748 2
5749 7
5750 4
5751 6
5752 6
5753 4
5754 6
5755 4
5756 3
5757 6
5758 5
5759 2
5760 3
5761 7
5762 7
5763 7
5764 3
5765 3
5766 4
5767 3
5768 3
5769 7
5770 5
5771 1
5772 7
5773 2
5774 5
5775 6
5776 3
5777 4
5778 6
5779 4
5780 6
5781 5
5782 1
5783 7
5784 2
5785 5
5786 3
5787 6
5788 3
5789 7
5790 3
5791 6
5792 5
5793 1
5794 7
5795 2
5796 7
5797 4
5798 7
5799 2
5800 7
5801 2
5802 5
5803 6
5804 3
5805 6
5806 3
5807 6
5808 5
5809 3
5810 2
5811 3
5812 6
5813 5
5814 3
5815 4
5816 3
5817 5
5818 6
5819 5
5820 5
5821 6
5822 3
5823 1
5824 7
5825 6
5826 7
5827 1
5828 3
5829 6
5830 6
5831 5
5832 1
5833 7
5834 7
5835 6
5836 7
5837 7
5838 5
5839 3
5840 3
5841 3
5842 7
5843 7
5844 7
5845 4
5846 7
5847 2
5848 3
5849 5
5850 6
5851 4
5852 6
5853 6
5854 4
5855 6
5856 3
5857 5
5858 6
5859 3
5860 3
5861 3
5862 7
5863 7
5864 7
5865 3
5866 6
5867 3
5868 5
5869 2
5870 6
5871 5
5872 1
5873 7
5874 2
5875 5
5876 3
5877 6
5878 3
5879 7
5880 5
5881 6
5882 3
5883 5
5884 3
5885 6
5886 5
5887 3
5888 6
5889 4
5890 3
5891 5
5892 6
5893 3
5894 5
5895 3
5896 2
5897 7
5898 4
5899 7
5900 7
5901 7
5902 3
5903 3
5904 4
5905 4
5906 4
5907 3
5908 3
5909 7
5910 7
5911 2
5912 5
5913 6
5914 3
5915 6
5916 3
5917 6
5918 5
5919 2
5920 3
5921 5
5922 6
5923 5
5924 3
5925 4
5926 3
5927 5
5928 6
5929 3
5930 3
5931 6
5932 5
5933 1
5934 7
5935 6
5936 7
5937 1
5938 3
5939 4
5940 4
5941 3
5942 3
5943 7
5944 7
5945 6
5946 7
5947 7
5948 5
5949 5
5950 4
5951 6
5952 4
5953 6
5954 6
5955 4
5956 7
5957 2
5958 3
5959 4
5960 4
5961 3
5962 3
5963 7
5964 7
5965 7
5966 4
5967 7
5968 2
5969 3
5970 3
5971 6
5972 5
5973 1
5974 7
5975 2
5976 7
5977 4
5978 7
5979 2
5980 3
5981 5
5982 6
5983 3
5984 5
5985 3
5986 2
5987 7
5988 4
5989 7
5990 7
5991 2
5992 3
5993 4
5994 5
5995 4
5996 3
5997 2
5998 7
5999 4
6000 6
6001 7
6002 1
6003 3
6004 4
6005 5
6006 4
6007 3
6008 2
6009 7
6010 7
6011 6
6012 7
6013 1
6014 3
6015 4
6016 5
6017 5
6018 7
6019 7
6020 1
6021 7
6022 6
6023 7
6024 1
6025 3
6026 4
6027 3
6028 2
6029 7
6030 3
6031 1
6032 7
6033 6
6034 7
6035 1
6036 3
6037 6
6038 5
6039 3
6040 4
6041 3
6042 1
6043 7
6044 6
6045 7
6046 1
6047 5
6048 6
6049 3
6050 5
6051 4
6052 3
6053 1
6054 7
6055 6
6056 7
6057 3
6058 3
6059 4
6060 4
6061 5
6062 4
6063 3
6064 1
6065 7
6066 6
6067 4
6068 6
6069 4
6070 3
6071 5
6072 3
6073 6
6074 5
6075 3
6076 4
6077 3
6078 3
6079 4
6080 2
6081 7
6082 2
6083 5
6084 6
6085 3
6086 6
6087 3
6088 6
6089 3
6090 7
6091 7
6092 7
6093 3
6094 3
6095 4
6096 4
6097 4
6098 3
6099 3
6100 7
6101 6
6102 7
6103 1
6104 3
6105 4
6106 5
6107 5
6108 7
6109 7
6110 6
6111 6
6112 7
6113 7
6114 5
6115 5
6116 5
6117 5
6118 5
6119 7
6120 7
6121 7
6122 6
6123 7
6124 7
6125 5
6126 5
6127 4
6128 3
6129 2
6130 1
6131 7
6132 7
6133 6
6134 7
6135 7
6136 5
6137 3
6138 6
6139 5
6140 3
6141 5
6142 7
6143 7
6144 6
6145 7
6146 7
6147 1
6148 5
6149 6
6150 4
6151 5
6152 5
6153 7
6154 7
6155 6
6156 7
6157 7
6158 3
6159 3
6160 5
6161 5
6162 5
6163 5
6164 7
6165 7
6166 6
6167 6
6168 4
6169 6
6170 5
6171 5
6172 4
6173 3
6174 0
6175 7
6176 6
6177 7
6178 3
6179 3
6180 7
6181 5
6182 3
6183 6
6184 5
6185 3
6186 4
6187 3
6188 5
6189 6
6190 7
6191 7
6192 2
6193 5
6194 6
6195 3
6196 6
6197 3
6198 6
6199 5
6200 1
6201 7
6202 6
6203 7
6204 1
6205 3
6206 4
6207 3
6208 2
6209 7
6210 7
6211 7
6212 6
6213 7
6214 7
6215 5
6216 5
6217 4
6218 3
6219 2
6220 6
6221 6
6222 4
6223 7
6224 2
6225 3
6226 4
6227 5
6228 4
6229 3
6230 7
6231 7
6232 7
6233 4
6234 7
6235 2
6236 3
6237 5
6238 3
6239 6
6240 1
6241 7
6242 2
6243 7
6244 4
6245 7
6246 2
6247 7
6248 1
6249 5
6250 3
6251 5
6252 3
6253 2
6254 7
6255 4
6256 7
6257 7
6258 7
6259 3
6260 4
6261 5
6262 4
6263 3
6264 2
6265 7
6266 4
6267 6
6268 6
6269 4
6270 3
6271 4
6272 5
6273 5
6274 7
6275 7
6276 6
6277 7
6278 7
6279 3
6280 2
6281 3
6282 4
6283 3
6284 1
6285 7
6286 6
6287 7
6288 1
6289 5
6290 7
6291 2
6292 3
6293 6
6294 5
6295 3
6296 4
6297 3
6298 5
6299 6
6300 3
6301 1
6302 7
6303 6
6304 7
6305 1
6306 3
6307 6
6308 5
6309 3
6310 1
6311 7
6312 7
6313 6
6314 7
6315 7
6316 5
6317 3
6318 6
6319 5
6320 7
6321 7
6322 7
6323 4
6324 7
6325 2
6326 3
6327 5
6328 3
6329 6
6330 6
6331 6
6332 4
6333 6
6334 3
6335 5
6336 6
6337 3
6338 5
6339 3
6340 7
6341 7
6342 7
6343 3
6344 6
6345 3
6346 5
6347 2
6348 7
6349 1
6350 1
6351 7
6352 2
6353 5
6354 3
6355 6
6356 3
6357 7
6358 7
6359 7
6360 3
6361 5
6362 3
6363 6
6364 5
6365 3
6366 6
6367 4
6368 6
6369 6
6370 6
6371 3
6372 5
6373 3
6374 2
6375 7
6376 4
6377 7
6378 7
6379 7
6380 5
6381 6
6382 3
6383 5
6384 7
6385 7
6386 6
6387 7
6388 7
6389 1
6390 3
6391 5
6392 6
6393 3
6394 1
6395 7
6396 6
6397 7
6398 1
6399 3
6400 4
6401 3
6402 1
6403 7
6404 6
6405 7
6406 1
6407 5
6408 6
6409 3
6410 3
6411 5
6412 7
6413 7
6414 6
6415 7
6416 7
6417 1
6418 5
6419 6
6420 1
6421 7
6422 2
6423 7
6424 4
6425 7
6426 2
6427 7
6428 1
6429 5
6430 7
6431 7
6432 7
6433 3
6434 6
6435 3
6436 5
6437 2
6438 7
6439 1
6440 6
6441 6
6442 4
6443 6
6444 4
6445 3
6446 6
6447 5
6448 2
6449 7
6450 7
6451 7
6452 7
6453 3
6454 3
6455 4
6456 3
6457 3
6458 7
6459 7
6460 1
6461 7
6462 2
6463 5
6464 6
6465 3
6466 4
6467 6
6468 4
6469 6
6470 5
6471 1
6472 7
6473 2
6474 5
6475 3
6476 6
6477 3
6478 7
6479 7
6480 6
6481 5
6482 1
6483 7
6484 2
6485 7
6486 4
6487 7
6488 2
6489 7
6490 3
6491 6
6492 5
6493 1
6494 7
6495 7
6496 6
6497 7
6498 7
6499 5
6500 5
6501 4
6502 3
6503 1
6504 7
6505 6
6506 7
6507 3
6508 3
6509 4
6510 4
6511 5
6512 5
6513 7
6514 7
6515 6
6516 7
6517 7
6518 3
6519 3
6520 3
6521 5
6522 3
6523 2
6524 7
6525 4
6526 7
6527 7
6528 7
6529 3
6530 1
6531 7
6532 2
6533 5
6534 3
6535 6
6536 3
6537 7
6538 7
6539 7
6540 7
6541 7
6542 7
6543 3
6544 3
6545 4
6546 3
6547 3
6548 7
6549 7
6550 6
6551 6
6552 4
6553 6
6554 4
6555 5
6556 4
6557 3
6558 3
6559 7
6560 7
6561 7
6562 7
6563 3
6564 3
6565 4
6566 5
6567 4
6568 6
6569 4
6570 3
6571 7
6572 7
6573 7
6574 3
6575 3
6576 4
6577 3
6578 3
6579 7
6580 3
6581 3
6582 7
6583 7
6584 7
6585 3
6586 6
6587 3
6588 5
6589 2
6590 4
6591 3
6592 3
6593 7
6594 7
6595 7
6596 4
6597 7
6598 2
6599 3
6600 4
6601 5
6602 4
6603 3
6604 1
6605 7
6606 6
6607 4
6608 6
6609 4
6610 5
6611 5
6612 5
6613 5
6614 7
6615 7
6616 6
6617 6
6618 4
6619 6
6620 4
6621 5
6622 4
6623 3
6624 2
6625 7
6626 4
6627 6
6628 6
6629 4
6630 3
6631 5
6632 3
6633 6
6634 5
6635 3
6636 6
6637 4
6638 6
6639 6
6640 1
6641 7
6642 2
6643 5
6644 6
6645 3
6646 4
6647 6
6648 4
6649 6
6650 7
6651 7
6652 7
6653 3
6654 3
6655 4
6656 5
6657 4
6658 6
6659 4
6660 6
6661 6
6662 4
6663 6
6664 4
6665 5
6666 1
6667 5
6668 4
6669 6
6670 4
6671 6
6672 6
6673 4
6674 6
6675 4
6676 5
6677 4
6678 3
6679 3
6680 6
6681 4
6682 6
6683 6
6684 4
6685 6
6686 4
6687 3
6688 6
6689 5
6690 4
6691 6
6692 4
6693 6
6694 6
6695 4
6696 6
6697 3
6698 5
6699 6
6700 3
6701 5
6702 3
6703 6
6704 5
6705 3
6706 4
6707 3
6708 3
6709 4
6710 5
6711 5
6712 4
6713 3
6714 1
6715 7
6716 6
6717 7
6718 3
6719 3
6720 3
6721 4
6722 5
6723 5
6724 7
6725 7
6726 6
6727 7
6728 7
6729 3
6730 6
6731 3
6732 5
6733 3
6734 2
6735 7
6736 4
6737 7
6738 7
6739 7
6740 5
6741 1
6742 7
6743 2
6744 5
6745 3
6746 6
6747 3
6748 7
6749 7
6750 3
6751 7
6752 7
6753 7
6754 3
6755 3
6756 4
6757 3
6758 3
6759 7
6760 4
6761 6
6762 6
6763 4
6764 6
6765 4
6766 5
6767 4
6768 3
6769 3
6770 3
6771 7
6772 7
6773 7
6774 3
6775 3
6776 4
6777 5
6778 4
6779 6
6780 3
6781 3
6782 7
6783 7
6784 7
6785 3
6786 3
6787 4
6788 3
6789 3
6790 4
6791 3
6792 3
6793 7
6794 7
6795 7
6796 3
6797 6
6798 3
6799 5
6800 2
6801 7
6802 2
6803 5
6804 6
6805 3
6806 6
6807 3
6808 6
6809 3
6810 7
6811 5
6812 3
6813 6
6814 5
6815 3
6816 4
6817 3
6818 5
6819 6
6820 2
6821 3
6822 4
6823 3
6824 1
6825 7
6826 6
6827 7
6828 1
6829 5
6830 5
6831 6
6832 3
6833 5
6834 7
6835 7
6836 6
6837 7
6838 7
6839 1
6840 6
6841 5
6842 1
6843 7
6844 2
6845 7
6846 4
6847 7
6848 2
6849 7
6850 3
6851 3
6852 7
6853 7
6854 7
6855 3
6856 6
6857 3
6858 5
6859 2
6860 6
6861 4
6862 6
6863 6
6864 4
6865 6
6866 4
6867 3
6868 6
6869 5
6870 3
6871 3
6872 7
6873 7
6874 7
6875 3
6876 3
6877 4
6878 3
6879 3
6880 6
6881 5
6882 1
6883 7
6884 2
6885 5
6886 6
6887 3
6888 4
6889 6
6890 3
6891 6
6892 5
6893 1
6894 7
6895 2
6896 5
6897 3
6898 6
6899 3
6900 7
6901 7
6902 7
6903 3
6904 3
6905 4
6906 4
6907 4
6908 3
6909 3
6910 7
6911 7
6912 2
6913 5
6914 6
6915 3
6916 6
6917 3
6918 6
6919 5
6920 7
6921 2
6922 3
6923 6
6924 5
6925 3
6926 4
6927 3
6928 5
6929 6
6930 3
6931 5
6932 6
6933 3
6934 1
6935 7
6936 6
6937 7
6938 1
6939 3
6940 3
6941 6
6942 5
6943 1
6944 7
6945 7
6946 6
6947 7
6948 7
6949 5
6950 4
6951 3
6952 3
6953 7
6954 7
6955 7
6956 4
6957 7
6958 2
6959 3
6960 4
6961 6
6962 4
6963 6
6964 6
6965 4
6966 6
6967 3
6968 5
6969 6
6970 4
6971 3
6972 3
6973 7
6974 7
6975 7
6976 3
6977 6
6978 3
6979 5
6980 3
6981 6
6982 5
6983 1
6984 7
6985 2
6986 5
6987 3
6988 6
6989 3
6990 3
6991 5
6992 6
6993 3
6994 5
6995 3
6996 6
6997 5
6998 3
6999 6
7000 4
7001 3
7002 5
7003 6
7004 3
7005 5
7006 3
7007 6
7008 5
7009 3
7010 3
7011 4
7012 3
7013 5
7014 6
7015 3
7016 5
7017 3
7018 2
7019 7
7020 5
7021 3
7022 4
7023 3
7024 5
7025 6
7026 3
7027 5
7028 7
7029 7
7030 6
7031 5
7032 3
7033 4
7034 3
7035 5
7036 6
7037 3
7038 2
7039 7
7040 3
7041 6
7042 5
7043 3
7044 4
7045 3
7046 5
7047 6
7048 5
7049 3
7050 5
7051 3
7052 6
7053 5
7054 3
7055 4
7056 3
7057 5
7058 6
7059 3
7060 3
7061 5
7062 3
7063 6
7064 5
7065 3
7066 4
7067 3
7068 3
7069 4
7070 6
7071 3
7072 5
7073 3
7074 6
7075 5
7076 3
7077 4
7078 6
7079 4
7080 5
7081 2
7082 7
7083 2
7084 5
7085 6
7086 3
7087 6
7088 3
7089 4
7090 3
7091 7
7092 7
7093 7
7094 3
7095 3
7096 4
7097 4
7098 4
7099 3
7100 3
7101 4
7102 3
7103 5
7104 6
7105 3
7106 5
7107 3
7108 2
7109 7
7110 4
7111 6
7112 7
7113 1
7114 3
7115 4
7116 5
7117 4
7118 3
7119 2
7120 3
7121 7
7122 6
7123 7
7124 1
7125 3
7126 4
7127 5
7128 5
7129 7
7130 5
7131 1
7132 7
7133 6
7134 7
7135 1
7136 3
7137 4
7138 3
7139 2
7140 6
7141 3
7142 1
7143 7
7144 6
7145 7
7146 1
7147 3
7148 6
7149 5
7150 3
7151 4
7152 3
7153 1
7154 7
7155 6
7156 7
7157 1
7158 5
7159 6
7160 5
7161 5
7162 4
7163 3
7164 1
7165 7
7166 6
7167 7
7168 3
7169 3
7170 3
7171 4
7172 5
7173 4
7174 3
7175 1
7176 7
7177 6
7178 4
7179 6
7180 2
7181 3
7182 5
7183 3
7184 6
7185 5
7186 3
7187 4
7188 3
7189 3
7190 7
7191 2
7192 7
7193 2
7194 5
7195 6
7196 3
7197 6
7198 3
7199 6
7200 5
7201 3
7202 4
7203 3
7204 5
7205 6
7206 3
7207 5
7208 7
7209 7
7210 3
7211 7
7212 6
7213 7
7214 1
7215 3
7216 4
7217 5
7218 5
7219 7
7220 4
7221 6
7222 6
7223 7
7224 7
7225 5
7226 5
7227 5
7228 5
7229 5
7230 3
7231 7
7232 7
7233 6
7234 7
7235 7
7236 5
7237 5
7238 4
7239 3
7240 5
7241 1
7242 7
7243 7
7244 6
7245 7
7246 7
7247 5
7248 3
7249 6
7250 6
7251 3
7252 5
7253 7
7254 7
7255 6
7256 7
7257 7
7258 1
7259 5
7260 3
7261 4
7262 5
7263 5
7264 7
7265 7
7266 6
7267 7
7268 7
7269 3
7270 5
7271 5
7272 5
7273 5
7274 5
7275 7
7276 7
7277 6
7278 6
7279 4
7280 7
7281 5
7282 5
7283 4
7284 3
7285 1
7286 7
7287 6
7288 7
7289 3
7290 7
7291 7
7292 5
7293 3
7294 6
7295 5
7296 3
7297 4
7298 3
7299 5
7300 6
7301 5
7302 3
7303 4
7304 3
7305 5
7306 6
7307 3
7308 2
7309 7
7310 5
7311 1
7312 7
7313 6
7314 7
7315 1
7316 3
7317 4
7318 3
7319 2
7320 3
7321 7
7322 7
7323 6
7324 7
7325 7
7326 5
7327 5
7328 4
7329 3
7330 4
7331 6
7332 6
7333 4
7334 7
7335 2
7336 3
7337 4
7338 5
7339 4
7340 3
7341 7
7342 7
7343 7
7344 4
7345 7
7346 2
7347 3
7348 5
7349 3
7350 5
7351 1
7352 7
7353 2
7354 7
7355 4
7356 7
7357 2
7358 7
7359 1
7360 6
7361 3
7362 5
7363 3
7364 2
7365 7
7366 4
7367 7
7368 7
7369 7
7370 3
7371 4
7372 5
7373 4
7374 3
7375 2
7376 7
7377 4
7378 6
7379 6
7380 2
7381 3
7382 4
7383 5
7384 5
7385 7
7386 7
7387 6
7388 7
7389 7
7390 7
7391 2
7392 3
7393 4
7394 3
7395 1
7396 7
7397 6
7398 7
7399 1
7400 3
7401 6
7402 5
7403 3
7404 4
7405 3
7406 5
7407 6
7408 5
7409 3
7410 6
7411 3
7412 1
7413 7
7414 6
7415 7
7416 1
7417 3
7418 6
7419 5
7420 5
7421 1
7422 7
7423 7
7424 6
7425 7
7426 7
7427 5
7428 3
7429 6
7430 3
7431 7
7432 7
7433 7
7434 4
7435 7
7436 2
7437 3
7438 5
7439 3
7440 4
7441 6
7442 6
7443 4
7444 6
7445 3
7446 5
7447 6
7448 3
7449 5
7450 3
7451 7
7452 7
7453 7
7454 3
7455 6
7456 3
7457 5
7458 2
7459 7
7460 5
7461 1
7462 7
7463 2
7464 5
7465 3
7466 6
7467 3
7468 7
7469 7
7470 6
7471 3
7472 5
7473 3
7474 6
7475 5
7476 3
7477 6
7478 4
7479 6
7480 5
7481 6
7482 3
7483 5
7484 3
7485 2
7486 7
7487 4
7488 7
7489 7
7490 3
7491 5
7492 6
7493 3
7494 5
7495 7
7496 7
7497 6
7498 7
7499 7
7500 5
7501 3
7502 6
7503 5
7504 3
7505 4
7506 3
7507 5
7508 6
7509 3
7510 3
7511 4
7512 3
7513 1
7514 7
7515 6
7516 7
7517 1
7518 5
7519 6
7520 6
7521 3
7522 5
7523 7
7524 7
7525 6
7526 7
7527 7
7528 1
7529 5
7530 5
7531 1
7532 7
7533 2
7534 7
7535 4
7536 7
7537 2
7538 7
7539 1
7540 3
7541 7
7542 7
7543 7
7544 3
7545 6
7546 3
7547 5
7548 2
7549 7
7550 4
7551 6
7552 6
7553 4
7554 6
7555 4
7556 3
7557 6
7558 5
7559 2
7560 3
7561 7
7562 7
7563 7
7564 3
7565 3
7566 4
7567 3
7568 3
7569 7
7570 5
7571 1
7572 7
7573 2
7574 5
7575 6
7576 3
7577 4
7578 6
7579 4
7580 6
7581 5
7582 1
7583 7
7584 2
7585 5
7586 3
7587 6
7588 3
7589 7
7590 3
7591 6
7592 5
7593 1
7594 7
7595 2
7596 7
7597 4
7598 7
7599 2
7600 3
7601 5
7602 3
7603 6
7604 5
7605 3
7606 4
7607 3
7608 3
7609 4
7610 5
7611 5
7612 4
7613 3
7614 1
7615 7
7616 6
7617 7
7618 3
7619 3
7620 3
7621 4
7622 5
7623 5
7624 7
7625 7
7626 6
7627 7
7628 7
7629 3
7630 6
7631 3
7632 5
7633 3
7634 2
7635 7
7636 4
7637 7
7638 7
7639 7
7640 5
7641 1
7642 7
7643 2
7644 5
7645 3
7646 6
7647 3
7648 7
7649 7
7650 3
7651 7
7652 7
7653 7
7654 3
7655 3
7656 4
7657 3
7658 3
7659 7
7660 4
7661 6
7662 6
7663 4
7664 6
7665 4
7666 5
7667 4
7668 3
7669 3
7670 3
7671 7
7672 7
7673 7
7674 3
7675 3
7676 4
7677 5
7678 4
7679 6
7680 3
7681 3
7682 7
7683 7
7684 7
7685 3
7686 3
7687 4
7688 3
7689 3
7690 4
7691 3
7692 3
7693 7
7694 7
7695 7
7696 3
7697 6
7698 3
7699 5
7700 6
7701 3
7702 5
7703 3
7704 6
7705 5
7706 3
7707 4
7708 6
7709 4
7710 3
7711 4
7712 5
7713 4
7714 3
7715 1
7716 7
7717 6
7718 4
7719 6
7720 5
7721 5
7722 5
7723 5
7724 5
7725 7
7726 7
7727 6
7728 6
7729 4
7730 3
7731 4
7732 5
7733 4
7734 3
7735 2
7736 7
7737 4
7738 6
7739 6
7740 6
7741 3
7742 5
7743 3
7744 6
7745 5
7746 3
7747 6
7748 4
7749 6
7750 5
7751 1
7752 7
7753 2
7754 5
7755 6
7756 3
7757 4
7758 6
7759 4
7760 3
7761 7
7762 7
7763 7
7764 3
7765 3
7766 4
7767 5
7768 4
7769 6
7770 4
7771 6
7772 6
7773 4
7774 6
7775 4
7776 5
7777 1
7778 5
7779 4
7780 6
7781 4
7782 6
7783 6
7784 4
7785 6
7786 4
7787 5
7788 4
7789 3
7790 4
7791 6
7792 4
7793 6
7794 6
7795 4
7796 6
7797 4
7798 3
7799 6
7800 5
7801 2
7802 7
7803 2
7804 5
7805 6
7806 3
7807 6
7808 3
7809 4
7810 2
7811 3
7812 5
7813 3
7814 6
7815 5
7816 3
7817 4
7818 3
7819 3
7820 7
7821 5
7822 5
7823 4
7824 3
7825 1
7826 7
7827 6
7828 7
7829 3
7830 2
7831 3
7832 4
7833 5
7834 5
7835 7
7836 7
7837 6
7838 7
7839 7
7840 5
7841 6
7842 3
7843 5
7844 3
7845 2
7846 7
7847 4
7848 7
7849 7
7850 6
7851 5
7852 1
7853 7
7854 2
7855 5
7856 3
7857 6
7858 3
7859 7
7860 3
7861 3
7862 7
7863 7
7864 7
7865 3
7866 3
7867 4
7868 3
7869 3
7870 6
7871 4
7872 6
7873 6
7874 4
7875 6
7876 4
7877 5
7878 4
7879 3
7880 3
7881 3
7882 7
7883 7
7884 7
7885 3
7886 3
7887 4
7888 5
7889 4
7890 4
7891 3
7892 3
7893 7
7894 7
7895 7
7896 3
7897 3
7898 4
7899 3
7900 3
7901 7
7902 7
7903 7
7904 3
7905 3
7906 4
7907 4
7908 4
7909 3
7910 7
7911 2
7912 7
7913 2
7914 5
7915 6
7916 3
7917 6
7918 3
7919 6
7920 7
7921 7
7922 5
7923 3
7924 6
7925 5
7926 3
7927 4
7928 3
7929 5
7930 7
7931 2
7932 3
7933 4
7934 3
7935 1
7936 7
7937 6
7938 7
7939 1
7940 3
7941 5
7942 6
7943 3
7944 5
7945 7
7946 7
7947 6
7948 7
7949 7
7950 3
7951 6
7952 5
7953 1
7954 7
7955 2
7956 7
7957 4
7958 7
7959 2
7960 4
7961 3
7962 3
7963 7
7964 7
7965 7
7966 3
7967 6
7968 3
7969 5
7970 4
7971 6
7972 4
7973 6
7974 6
7975 4
7976 6
7977 4
7978 3
7979 6
7980 4
7981 3
7982 3
7983 7
7984 7
7985 7
7986 3
7987 3
7988 4
7989 3
7990 3
7991 6
7992 5
7993 1
7994 7
7995 2
7996 5
7997 6
7998 3
7999 4
8000 6
8001 3
8002 6
8003 5
8004 2
8005 7
8006 2
8007 5
8008 6
8009 3
8010 3
8011 6
8012 3
8013 6
8014 5
8015 2
8016 7
8017 2
8018 5
8019 3
8020 6
8021 3
8022 6
8023 3
8024 6
8025 5
8026 2
8027 7
8028 2
8029 7
8030 5
8031 6
8032 3
8033 6
8034 3
8035 6
8036 5
8037 2
8038 7
8039 7
8040 2
8041 5
8042 6
8043 3
8044 6
8045 3
8046 6
8047 5
8048 2
8049 7
8050 7
8051 2
8052 5
8053 6
8054 3
8055 6
8056 3
8057 6
8058 5
8059 3
8060 2
8061 7
8062 2
8063 5
8064 6
8065 3
8066 6
8067 3
8068 6
8069 3
8070 5
8071 2
8072 7
8073 2
8074 5
8075 6
8076 3
8077 6
8078 3
8079 4
8080 6
8081 5
8082 2
8083 7
8084 2
8085 5
8086 6
8087 3
8088 6
8089 4
8090 3
8091 3
8092 7
8093 7
8094 7
8095 3
8096 3
8097 4
8098 4
8099 4
8100 3
8101 6
8102 3
8103 6
8104 5
8105 2
8106 7
8107 2
8108 5
8109 3
8110 6
8111 4
8112 3
8113 5
8114 6
8115 3
8116 5
8117 3
8118 6
8119 5
8120 3
8121 3
8122 4
8123 3
8124 5
8125 6
8126 3
8127 5
8128 3
8129 2
8130 6
8131 5
8132 3
8133 4
8134 3
8135 5
8136 6
8137 3
8138 5
8139 7
8140 5
8141 6
8142 5
8143 3
8144 4
8145 3
8146 5
8147 6
8148 3
8149 2
8150 2
8151 3
8152 6
8153 5
8154 3
8155 4
8156 3
8157 5
8158 6
8159 5
8160 7
8161 5
8162 3
8163 6
8164 5
8165 3
8166 4
8167 3
8168 5
8169 6
8170 2
8171 3
8172 5
8173 3
8174 6
8175 5
8176 3
8177 4
8178 3
8179 3
8180 5
8181 6
8182 3
8183 5
8184 3
8185 6
8186 5
8187 3
8188 4
8189 6
8190 3
8191 5
8192 2
8193 7
8194 2
8195 5
8196 6
8197 3
8198 6
8199 3
8200 6
8201 3
8202 6
8203 3
8204 6
8205 5
8206 2
8207 7
8208 2
8209 7
8210 3
8211 3
8212 4
8213 3
8214 5
8215 6
8216 3
8217 5
8218 3
8219 2
8220 6
8221 4
8222 6
8223 7
8224 1
8225 3
8226 4
8227 5
8228 4
8229 3
8230 3
8231 3
8232 7
8233 6
8234 7
8235 1
8236 3
8237 4
8238 5
8239 5
8240 6
8241 5
8242 1
8243 7
8244 6
8245 7
8246 1
8247 3
8248 4
8249 3
8250 5
8251 6
8252 3
8253 1
8254 7
8255 6
8256 7
8257 1
8258 3
8259 6
8260 2
8261 3
8262 4
8263 3
8264 1
8265 7
8266 6
8267 7
8268 1
8269 5
8270 7
8271 5
8272 5
8273 4
8274 3
8275 1
8276 7
8277 6
8278 7
8279 3
8280 2
8281 3
8282 4
8283 5
8284 4
8285 3
8286 1
8287 7
8288 6
8289 4
8290 7
8291 2
8292 3
8293 5
8294 3
8295 6
8296 5
8297 3
8298 4
8299 3
8300 5
8301 6
8302 3
8303 6
8304 3
8305 6
8306 5
8307 2
8308 7
8309 7
8310 6
8311 5
8312 3
8313 4
8314 3
8315 5
8316 6
8317 3
8318 5
8319 7
8320 3
8321 3
8322 7
8323 6
8324 7
8325 1
8326 3
8327 4
8328 5
8329 5
8330 6
8331 4
8332 6
8333 6
8334 7
8335 7
8336 5
8337 5
8338 5
8339 5
8340 3
8341 3
8342 7
8343 7
8344 6
8345 7
8346 7
8347 5
8348 5
8349 4
8350 6
8351 5
8352 1
8353 7
8354 7
8355 6
8356 7
8357 7
8358 5
8359 3
8360 5
8361 6
8362 3
8363 5
8364 7
8365 7
8366 6
8367 7
8368 7
8369 1
8370 2
8371 3
8372 4
8373 5
8374 5
8375 7
8376 7
8377 6
8378 7
8379 7
8380 7
8381 5
8382 5
8383 5
8384 5
8385 5
8386 7
8387 7
8388 6
8389 6
8390 7
8391 7
8392 5
8393 5
8394 4
8395 3
8396 1
8397 7
8398 6
8399 7
8400 2
8401 5
8402 6
8403 3
8404 6
8405 3
8406 6
8407 5
8408 2
8409 7
8410 5
8411 6
8412 5
8413 3
8414 4
8415 3
8416 5
8417 6
8418 3
8419 2
8420 6
8421 5
8422 1
8423 7
8424 6
8425 7
8426 1
8427 3
8428 4
8429 3
8430 3
8431 3
8432 7
8433 7
8434 6
8435 7
8436 7
8437 5
8438 5
8439 4
8440 6
8441 4
8442 6
8443 6
8444 4
8445 7
8446 2
8447 3
8448 4
8449 5
8450 3
8451 3
8452 7
8453 7
8454 7
8455 4
8456 7
8457 2
8458 3
8459 5
8460 6
8461 5
8462 1
8463 7
8464 2
8465 7
8466 4
8467 7
8468 2
8469 7
8470 5
8471 6
8472 3
8473 5
8474 3
8475 2
8476 7
8477 4
8478 7
8479 7
8480 2
8481 3
8482 4
8483 5
8484 4
8485 3
8486 2
8487 7
8488 4
8489 6
8490 7
8491 2
8492 3
8493 4
8494 5
8495 5
8496 7
8497 7
8498 6
8499 7
8500 7
8501 2
8502 5
8503 6
8504 3
8505 6
8506 3
8507 6
8508 5
8509 3
8510 2
8511 3
8512 6
8513 5
8514 3
8515 4
8516 3
8517 5
8518 6
8519 5
8520 5
8521 6
8522 3
8523 1
8524 7
8525 6
8526 7
8527 1
8528 3
8529 6
8530 6
8531 5
8532 1
8533 7
8534 7
8535 6
8536 7
8537 7
8538 5
8539 3
8540 3
8541 3
8542 7
8543 7
8544 7
8545 4
8546 7
8547 2
8548 3
8549 5
8550 6
8551 4
8552 6
8553 6
8554 4
8555 6
8556 3
8557 5
8558 6
8559 3
8560 3
8561 3
8562 7
8563 7
8564 7
8565 3
8566 6
8567 3
8568 5
8569 2
8570 6
8571 5
8572 1
8573 7
8574 2
8575 5
8576 3
8577 6
8578 3
8579 7
8580 5
8581 6
8582 3
8583 5
8584 3
8585 6
8586 5
8587 3
8588 6
8589 4
8590 3
8591 5
8592 6
8593 3
8594 5
8595 3
8596 2
8597 7
8598 4
8599 7
8600 2
8601 7
8602 2
8603 5
8604 6
8605 3
8606 6
8607 3
8608 6
8609 3
8610 7
8611 5
8612 3
8613 6
8614 5
8615 3
8616 4
8617 3
8618 5
8619 6
8620 2
8621 3
8622 4
8623 3
8624 1
8625 7
8626 6
8627 7
8628 1
8629 5
8630 5
8631 6
8632 3
8633 5
8634 7
8635 7
8636 6
8637 7
8638 7
8639 1
8640 6
8641 5
8642 1
8643 7
8644 2
8645 7
8646 4
8647 7
8648 2
8649 7
8650 3
8651 3
8652 7
8653 7
8654 7
8655 3
8656 6
8657 3
8658 5
8659 2
8660 6
8661 4
8662 6
8663 6
8664 4
8665 6
8666 4
8667 3
8668 6
8669 5
8670 3
8671 3
8672 7
8673 7
8674 7
8675 3
8676 3
8677 4
8678 3
8679 3
8680 6
8681 5
8682 1
8683 7
8684 2
8685 5
8686 6
8687 3
8688 4
8689 6
8690 3
8691 6
8692 5
8693 1
8694 7
8695 2
8696 5
8697 3
8698 6
8699 3
8700 5
8701 2
8702 7
8703 2
8704 5
8705 6
8706 3
8707 6
8708 3
8709 4
8710 2
8711 3
8712 5
8713 3
8714 6
8715 5
8716 3
8717 4
8718 3
8719 3
8720 7
8721 5
8722 5
8723 4
8724 3
8725 1
8726 7
8727 6
8728 7
8729 3
8730 2
8731 3
8732 4
8733 5
8734 5
8735 7
8736 7
8737 6
8738 7
8739 7
8740 5
8741 6
8742 3
8743 5
8744 3
8745 2
8746 7
8747 4
8748 7
8749 7
8750 6
8751 5
8752 1
8753 7
8754 2
8755 5
8756 3
8757 6
8758 3
8759 7
8760 3
8761 3
8762 7
8763 7
8764 7
8765 3
8766 3
8767 4
8768 3
8769 3
8770 6
8771 4
8772 6
8773 6
8774 4
8775 6
8776 4
8777 5
8778 4
8779 3
8780 3
8781 3
8782 7
8783 7
8784 7
8785 3
8786 3
8787 4
8788 5
8789 4
8790 4
8791 3
8792 3
8793 7
8794 7
8795 7
8796 3
8797 3
8798 4
8799 3
8800 6
8801 5
8802 2
8803 7
8804 2
8805 5
8806 6
8807 3
8808 6
8809 4
8810 5
8811 6
8812 3
8813 5
8814 3
8815 6
8816 5
8817 3
8818 4
8819 6
8820 2
8821 3
8822 4
8823 5
8824 4
8825 3
8826 1
8827 7
8828 6
8829 4
8830 7
8831 5
8832 5
8833 5
8834 5
8835 5
8836 7
8837 7
8838 6
8839 6
8840 2
8841 3
8842 4
8843 5
8844 4
8845 3
8846 2
8847 7
8848 4
8849 6
8850 5
8851 6
8852 3
8853 5
8854 3
8855 6
8856 5
8857 3
8858 6
8859 4
8860 6
8861 5
8862 1
8863 7
8864 2
8865 5
8866 6
8867 3
8868 4
8869 6
8870 3
8871 3
8872 7
8873 7
8874 7
8875 3
8876 3
8877 4
8878 5
8879 4
8880 6
8881 4
8882 6
8883 6
8884 4
8885 6
8886 4
8887 5
8888 1
8889 5
8890 4
8891 6
8892 4
8893 6
8894 6
8895 4
8896 6
8897 4
8898 5
8899 4
8900 3
8901 3
8902 7
8903 7
8904 7
8905 3
8906 3
8907 4
8908 4
8909 4
8910 3
8911 5
8912 2
8913 7
8914 2
8915 5
8916 6
8917 3
8918 6
8919 3
8920 7
8921 2
8922 3
8923 5
8924 3
8925 6
8926 5
8927 3
8928 4
8929 3
8930 7
8931 7
8932 5
8933 5
8934 4
8935 3
8936 1
8937 7
8938 6
8939 7
8940 7
8941 2
8942 3
8943 4
8944 5
8945 5
8946 7
8947 7
8948 6
8949 7
8950 3
8951 5
8952 6
8953 3
8954 5
8955 3
8956 2
8957 7
8958 4
8959 7
8960 3
8961 6
8962 5
8963 1
8964 7
8965 2
8966 5
8967 3
8968 6
8969 3
8970 4
8971 3
8972 3
8973 7
8974 7
8975 7
8976 3
8977 3
8978 4
8979 3
8980 4
8981 6
8982 4
8983 6
8984 6
8985 4
8986 6
8987 4
8988 5
8989 4
8990 4
8991 3
8992 3
8993 7
8994 7
8995 7
8996 3
8997 3
8998 4
8999 5
9000 4
9001 4
9002 3
9003 3
9004 7
9005 7
9006 7
9007 3
9008 3
9009 4
9010 4
9011 4
9012 4
9013 3
9014 3
9015 7
9016 7
9017 7
9018 3
9019 3
9020 3
9021 4
9022 4
9023 4
9024 3
9025 3
9026 7
9027 7
9028 7
9029 3
9030 3
9031 3
9032 4
9033 4
9034 4
9035 3
9036 3
9037 7
9038 7
9039 7
9040 7
9041 3
9042 3
9043 4
9044 4
9045 4
9046 3
9047 3
9048 7
9049 7
9050 7
9051 7
9052 3
9053 3
9054 4
9055 4
9056 4
9057 3
9058 3
9059 7
9060 7
9061 7
9062 7
9063 3
9064 3
9065 4
9066 4
9067 4
9068 3
9069 3
9070 3
9071 7
9072 7
9073 7
9074 3
9075 3
9076 4
9077 4
9078 4
9079 3
9080 3
9081 3
9082 7
9083 7
9084 7
9085 3
9086 3
9087 4
9088 4
9089 4
9090 4
9091 3
9092 3
9093 7
9094 7
9095 7
9096 3
9097 3
9098 4
9099 4
9100 4
9101 4
9102 4
9103 3
9104 3
9105 7
9106 7
9107 7
9108 3
9109 3
9110 4
9111 6
9112 3
9113 6
9114 5
9115 2
9116 7
9117 2
9118 5
9119 6
9120 4
9121 3
9122 6
9123 3
9124 6
9125 5
9126 2
9127 7
9128 2
9129 5
9130 3
9131 6
9132 3
9133 6
9134 3
9135 6
9136 5
9137 2
9138 7
9139 2
9140 3
9141 5
9142 6
9143 3
9144 6
9145 3
9146 6
9147 5
9148 2
9149 7
9150 7
9151 2
9152 5
9153 6
9154 3
9155 6
9156 3
9157 6
9158 5
9159 2
9160 7
9161 7
9162 2
9163 5
9164 6
9165 3
9166 6
9167 3
9168 6
9169 5
9170 7
9171 2
9172 7
9173 2
9174 5
9175 6
9176 3
9177 6
9178 3
9179 6
9180 3
9181 5
9182 2
9183 7
9184 2
9185 5
9186 6
9187 3
9188 6
9189 3
9190 3
9191 6
9192 5
9193 2
9194 7
9195 2
9196 5
9197 6
9198 3
9199 6
9200 3
9201 4
9202 4
9203 4
9204 3
9205 3
9206 7
9207 7
9208 7
9209 3
9210 4
9211 3
9212 6
9213 3
9214 6
9215 5
9216 2
9217 7
9218 2
9219 5
9220 4
9221 6
9222 4
9223 3
9224 5
9225 6
9226 3
9227 5
9228 3
9229 6
9230 4
9231 3
9232 3
9233 4
9234 3
9235 5
9236 6
9237 3
9238 5
9239 3
9240 3
9241 6
9242 5
9243 3
9244 4
9245 3
9246 5
9247 6
9248 3
9249 5
9250 3
9251 5
9252 6
9253 5
9254 3
9255 4
9256 3
9257 5
9258 6
9259 3
9260 7
9261 2
9262 3
9263 6
9264 5
9265 3
9266 4
9267 3
9268 5
9269 6
9270 7
9271 7
9272 5
9273 3
9274 6
9275 5
9276 3
9277 4
9278 3
9279 5
9280 7
9281 2
9282 3
9283 5
9284 3
9285 6
9286 5
9287 3
9288 4
9289 3
9290 3
9291 5
9292 6
9293 3
9294 5
9295 3
9296 6
9297 5
9298 3
9299 4
9300 3
9301 3
9302 4
9303 4
9304 4
9305 3
9306 3
9307 7
9308 7
9309 7
9310 3
9311 6
9312 3
9313 6
9314 3
9315 6
9316 5
9317 2
9318 7
9319 2
9320 4
9321 3
9322 3
9323 4
9324 3
9325 5
9326 6
9327 3
9328 5
9329 3
9330 4
9331 6
9332 4
9333 6
9334 7
9335 1
9336 3
9337 4
9338 5
9339 4
9340 4
9341 3
9342 3
9343 7
9344 6
9345 7
9346 1
9347 3
9348 4
9349 5
9350 3
9351 6
9352 5
9353 1
9354 7
9355 6
9356 7
9357 1
9358 3
9359 4
9360 3
9361 5
9362 6
9363 3
9364 1
9365 7
9366 6
9367 7
9368 1
9369 3
9370 7
9371 2
9372 3
9373 4
9374 3
9375 1
9376 7
9377 6
9378 7
9379 1
9380 7
9381 7
9382 5
9383 5
9384 4
9385 3
9386 1
9387 7
9388 6
9389 7
9390 7
9391 2
9392 3
9393 4
9394 5
9395 4
9396 3
9397 1
9398 7
9399 6
9400 7
9401 3
9402 3
9403 4
9404 4
9405 4
9406 3
9407 3
9408 7
9409 7
9410 3
9411 5
9412 6
9413 3
9414 6
9415 3
9416 6
9417 5
9418 2
9419 7
9420 3
9421 6
9422 5
9423 3
9424 4
9425 3
9426 5
9427 6
9428 3
9429 5
9430 4
9431 3
9432 3
9433 7
9434 6
9435 7
9436 1
9437 3
9438 4
9439 5
9440 4
9441 6
9442 4
9443 6
9444 6
9445 7
9446 7
9447 5
9448 5
9449 5
9450 4
9451 3
9452 3
9453 7
9454 7
9455 6
9456 7
9457 7
9458 5
9459 5
9460 3
9461 6
9462 5
9463 1
9464 7
9465 7
9466 6
9467 7
9468 7
9469 5
9470 3
9471 5
9472 6
9473 3
9474 5
9475 7
9476 7
9477 6
9478 7
9479 7
9480 7
9481 2
9482 3
9483 4
9484 5
9485 5
9486 7
9487 7
9488 6
9489 7
9490 7
9491 7
9492 5
9493 5
9494 5
9495 5
9496 5
9497 7
9498 7
9499 6
9500 7
9501 7
9502 3
9503 3
9504 4
9505 4
9506 4
9507 3
9508 3
9509 7
9510 7
9511 2
9512 5
9513 6
9514 3
9515 6
9516 3
9517 6
9518 5
9519 2
9520 3
9521 5
9522 6
9523 5
9524 3
9525 4
9526 3
9527 5
9528 6
9529 3
9530 3
9531 6
9532 5
9533 1
9534 7
9535 6
9536 7
9537 1
9538 3
9539 4
9540 4
9541 3
9542 3
9543 7
9544 7
9545 6
9546 7
9547 7
9548 5
9549 5
9550 4
9551 6
9552 4
9553 6
9554 6
9555 4
9556 7
9557 2
9558 3
9559 4
9560 4
9561 3
9562 3
9563 7
9564 7
9565 7
9566 4
9567 7
9568 2
9569 3
9570 3
9571 6
9572 5
9573 1
9574 7
9575 2
9576 7
9577 4
9578 7
9579 2
9580 3
9581 5
9582 6
9583 3
9584 5
9585 3
9586 2
9587 7
9588 4
9589 7
9590 7
9591 2
9592 3
9593 4
9594 5
9595 4
9596 3
9597 2
9598 7
9599 4
9600 7
9601 7
9602 7
9603 3
9604 3
9605 4
9606 4
9607 4
9608 3
9609 3
9610 7
9611 7
9612 2
9613 5
9614 6
9615 3
9616 6
9617 3
9618 6
9619 5
9620 7
9621 2
9622 3
9623 6
9624 5
9625 3
9626 4
9627 3
9628 5
9629 6
9630 3
9631 5
9632 6
9633 3
9634 1
9635 7
9636 6
9637 7
9638 1
9639 3
9640 3
9641 6
9642 5
9643 1
9644 7
9645 7
9646 6
9647 7
9648 7
9649 5
9650 4
9651 3
9652 3
9653 7
9654 7
9655 7
9656 4
9657 7
9658 2
9659 3
9660 4
9661 6
9662 4
9663 6
9664 6
9665 4
9666 6
9667 3
9668 5
9669 6
9670 4
9671 3
9672 3
9673 7
9674 7
9675 7
9676 3
9677 6
9678 3
9679 5
9680 3
9681 6
9682 5
9683 1
9684 7
9685 2
9686 5
9687 3
9688 6
9689 3
9690 3
9691 5
9692 6
9693 3
9694 5
9695 3
9696 6
9697 5
9698 3
9699 6
9700 3
9701 7
9702 7
9703 7
9704 3
9705 3
9706 4
9707 4
9708 4
9709 3
9710 7
9711 2
9712 7
9713 2
9714 5
9715 6
9716 3
9717 6
9718 3
9719 6
9720 7
9721 7
9722 5
9723 3
9724 6
9725 5
9726 3
9727 4
9728 3
9729 5
9730 7
9731 2
9732 3
9733 4
9734 3
9735 1
9736 7
9737 6
9738 7
9739 1
9740 3
9741 5
9742 6
9743 3
9744 5
9745 7
9746 7
9747 6
9748 7
9749 7
9750 3
9751 6
9752 5
9753 1
9754 7
9755 2
9756 7
9757 4
9758 7
9759 2
9760 4
9761 3
9762 3
9763 7
9764 7
9765 7
9766 3
9767 6
9768 3
9769 5
9770 4
9771 6
9772 4
9773 6
9774 6
9775 4
9776 6
9777 4
9778 3
9779 6
9780 4
9781 3
9782 3
9783 7
9784 7
9785 7
9786 3
9787 3
9788 4
9789 3
9790 3
9791 6
9792 5
9793 1
9794 7
9795 2
9796 5
9797 6
9798 3
9799 4
9800 3
9801 3
9802 7
9803 7
9804 7
9805 3
9806 3
9807 4
9808 4
9809 4
9810 3
9811 5
9812 2
9813 7
9814 2
9815 5
9816 6
9817 3
9818 6
9819 3
9820 7
9821 2
9822 3
9823 5
9824 3
9825 6
9826 5
9827 3
9828 4
9829 3
9830 7
9831 7
9832 5
9833 5
9834 4
9835 3
9836 1
9837 7
9838 6
9839 7
9840 7
9841 2
9842 3
9843 4
9844 5
9845 5
9846 7
9847 7
9848 6
9849 7
9850 3
9851 5
9852 6
9853 3
9854 5
9855 3
9856 2
9857 7
9858 4
9859 7
9860 3
9861 6
9862 5
9863 1
9864 7
9865 2
9866 5
9867 3
9868 6
9869 3
9870 4
9871 3
9872 3
9873 7
9874 7
9875 7
9876 3
9877 3
9878 4
9879 3
9880 4
9881 6
9882 4
9883 6
9884 6
9885 4
9886 6
9887 4
9888 5
9889 4
9890 4
9891 3
9892 3
9893 7
9894 7
9895 7
9896 3
9897 3
9898 4
9899 5
9900 4
9901 3
9902 3
9903 7
9904 7
9905 7
9906 3
9907 3
9908 4
9909 4
9910 3
9911 6
9912 5
9913 2
9914 7
9915 2
9916 5
9917 6
9918 3
9919 6
9920 3
9921 5
9922 6
9923 3
9924 5
9925 3
9926 6
9927 5
9928 3
9929 4
9930 7
9931 2
9932 3
9933 4
9934 5
9935 4
9936 3
9937 1
9938 7
9939 6
9940 7
9941 7
9942 5
9943 5
9944 5
9945 5
9946 5
9947 7
9948 7
9949 6
9950 7
9951 2
9952 3
9953 4
9954 5
9955 4
9956 3
9957 2
9958 7
9959 4
9960 3
9961 5
9962 6
9963 3
9964 5
9965 3
9966 6
9967 5
9968 3
9969 6
9970 3
9971 6
9972 5
9973 1
9974 7
9975 2
9976 5
9977 6
9978 3
9979 4
9980 4
9981 3
9982 3
9983 7
9984 7
9985 7
9986 3
9987 3
9988 4
9989 5
9990 4
9991 6
9992 4
9993 6
9994 6
9995 4
9996 6
9997 4
9998 5
9999 1
